3.833399633
3.635145197
3.635145197
3.421998728
3.397144674
3.397144674
3.230544307
3.230544307
3.230544307
3.230544307
3.173764182
3.173764182
3.173764182
3.173764182
3.173764182
3.057143926
3.057143926
3.057143926
3.057143926
3
3
2.91836582
2.883379743
2.883379743
2.836024439
2.833399633
2.833399633
2.833399633
2.833399633
2.833399633
2.833399633
2.833399633
2.766759487
2.761999476
2.761999476
2.761999476
2.761999476
2.761999476
2.746934043
2.716779377
2.67724409
2.666799267
2.659999252
2.659999252
2.659999252
2.659999252
2.635978199
2.635145197
2.59539911
2.590567699
2.578365072
2.578365072
2.575294866
2.56374504
2.543378995
2.496023691
2.496023691
2.493398885
2.493398885
2.432130751
2.399215278
2.397073274
2.382079241
2.352757576
2.326798519
2.326798519
2.326798519
2.326798519
2.310679083
2.307347076
2.295144449
2.28188442
2.261491175
2.260698974
2.258074168
2.255398362
2.21378907
2.21378907
2.21378907
2.210178262
2.180927998
2.179856996
2.156073943
2.156073943
2.15434674
2.15434674
2.15434674
2.133946695
2.108456839
2.066932547
2.023490652
2.012464427
2
2
2
2
2
2
2
2
2
2
2
2
2
2
2
2
2
2
2
2
2
2
2
2
2
2
2
2
2
2
2
2
2
2
1.997303794
1.98196636
1.974146343
1.970678335
1.967346328
1.952726296
1.950924292
1.950757692
1.941856472
1.91836582
1.91836582
1.91836582
1.91836582
1.91836582
1.91836582
1.91836582
1.915397614
1.915326214
1.915326214
1.902746186
1.900706182
1.895946171
1.895946171
1.893804166
1.885712149
1.883379743
1.883379743
1.883379743
1.883379743
1.883379743
1.883379743
1.883379743
1.883379743
1.883379743
1.883379743
1.883379743
1.861293295
1.857526087
1.856438084
1.854129479
1.836731641
1.836731641
1.833399633
1.833399633
1.833399633
1.833399633
1.833399633
1.833399633
1.833399633
1.833399633
1.833399633
1.833399633
1.833399633
1.833399633
1.833399633
1.833399633
1.820041004
1.817008197
1.816073195
1.804077969
1.804077969
1.801745564
1.801745564
1.801745564
1.801745564
1.793945947
1.792946344
1.789083936
1.781365919
1.779325915
1.774803905
1.774756304
1.774756304
1.769091892
1.76809229
1.766759487
1.761999476
1.761999476
1.761999476
1.761999476
1.757803867
1.75447186
1.751765454
1.751765454
1.751765454
1.751765454
1.749711849
1.747297844
1.743965837
1.729345805
1.720111384
1.716779377
1.716779377
1.716779377
1.716779377
1.712311767
1.708843759
1.706909155
1.687457712
1.680365297
1.680365297
1.680365297
1.67729509
1.67722369
1.67256568
1.67256568
1.666799267
1.659999252
1.659999252
1.659999252
1.659999252
1.659999252
1.659999252
1.659999252
1.659999252
1.659999252
1.659999252
1.648765627
1.64537922
1.635787799
1.635145197
1.635145197
1.635145197
1.632105591
1.617111558
1.605823533
1.603491128
1.602491525
1.602491525
1.602491525
1.60015912
1.60015912
1.60015912
1.60015912
1.60015912
1.60015912
1.60015912
1.59539911
1.59539911
1.585165087
1.580071876
1.578365072
1.578365072
1.57736547
1.570837456
1.566077445
1.56374504
1.56374504
1.56374504
1.56374504
1.553511018
1.553511018
1.55017901
1.543378995
1.543378995
1.542243393
1.541223391
1.531091368
1.531091368
1.520054944
1.518477341
1.517096938
1.51376493
1.51376493
1.505965313
1.505601512
1.503823308
1.499437299
1.496730893
1.495200889
1.495105689
1.493398885
1.491345281
1.489376677
1.489203276
1.489203276
1.479040654
1.478778853
1.477643251
1.468544831
1.461744816
1.455998803
1.439223166
1.439223166
1.43623116
1.43623116
1.43623116
1.43623116
1.43623116
1.434463156
1.433558754
1.431131148
1.428091542
1.421998728
1.421998728
1.421998728
1.421998728
1.421998728
1.421998728
1.414471112
1.413043109
1.402268485
1.399477079
1.397144674
1.397144674
1.397144674
1.396145072
1.392677064
1.389345057
1.387274452
1.378485433
1.376778629
1.374364624
1.365490604
1.362158597
1.357398586
1.340364549
1.339378547
1.332836932
1.332564932
1.330130526
1.32260291
1.320222904
1.319998504
1.319998504
1.319998504
1.319270902
1.317842899
1.316054495
1.315510494
1.312470887
1.311042884
1.305378472
1.305378472
1.304242869
1.304242869
1.304242869
1.303222867
1.302236865
1.29550825
1.287242832
1.2726228
1.266893787
1.265822785
1.264904783
1.260158372
1.258379743
1.258002768
1.255398362
1.255398362
1.255398362
1.251270753
1.251202753
1.251202753
1.247870745
1.24077833
1.23185671
1.231088308
1.226076697
1.223744292
1.223744292
1.223744292
1.210542063
1.207764257
1.207764257
1.205710653
1.201222643
1.198890238
1.198890238
1.197890635
1.197890635
1.197088234
1.190091018
1.186602611
1.183998205
1.180856598
1.180856598
1.180856598
1.177524591
1.176470588
1.173764182
1.17277818
1.170724576
1.170088774
1.166236566
1.166236566
1.163399259
1.160490553
1.156104543
1.156002543
1.156002543
1.156002543
1.156002543
1.148012526
1.142110113
1.14111051
1.14111051
1.137880503
1.137880503
1.137880503
1.137880503
1.133333333
1.130250887
1.12749008
1.124076473
1.119398063
1.116256456
1.114287851
1.111836446
1.108718639
1.106124433
1.106124433
1.101636424
1.099222418
1.099222418
1.099222418
1.094462408
1.093558006
1.0911304
1.089090396
1.086757991
1.084602386
1.084602386
1.079842376
1.077802371
1.077509971
1.077509971
1.075509746
1.074470364
1.069710353
1.064236341
1.059476331
1.059476331
1.059476331
1.058850729
1.057143926
1.057143926
1.057143926
1.057143926
1.057143926
1.057143926
1.057143926
1.057143926
1.056246324
1.054002319
1.054002319
1.043870297
1.043378995
1.034724276
1.034622276
1.032653672
1.030202266
1.027822261
1.027822261
1.027822261
1.024490254
1.024490254
1.024490254
1.023998953
1.020002244
1.020002244
1.019730243
1.013202229
1.002777806
1.001166203
1
1
1
1
1
1
1
1
1
1
1
1
1
1
1
1
1
1
1
1
1
1
1
1
1
1
1
1
1
1
1
1
1
1
1
1
1
1
1
1
1
1
1
1
1
1
1
1
1
1
1
1
1
1
1
1
1
1
1
1
1
1
1
1
1
1
1
1
1
1
1
1
1
1
1
1
1
1
1
1
1
1
1
1
1
1
1
1
1
1
1
1
1
1
1
1
1
1
1
1
1
1
1
1
1
1
1
1
1
1
1
1
1
1
1
1
1
1
1
1
1
1
1
1
1
1
1
1
1
1
1
1
1
1
1
1
1
1
1
1
1
1
1
1
1
1
1
1
1
1
1
1
1
1
1
1
1
1
1
1
1
1
1
1
1
1
1
1
1
1
1
1
1
1
1
1
1
1
1
1
1
1
1
1
1
1
1
1
1
1
1
1
0.999636199
0.999636199
0.999636199
0.992836184
0.990129778
0.986797771
0.986797771
0.982602162
0.982602162
0.98170456
0.977842151
0.977842151
0.977842151
0.974510144
0.974510144
0.974510144
0.972470139
0.972177739
0.972177739
0.966020325
0.962950118
0.962307517
0.95918291
0.957557707
0.957476106
0.957476106
0.957476106
0.950757692
0.950757692
0.945895681
0.945577214
0.942856074
0.942856074
0.942856074
0.942856074
0.942856074
0.942856074
0.942856074
0.942856074
0.942856074
0.942856074
0.940523669
0.9375
0.9375
0.9375
0.936090059
0.933333333
0.932724052
0.932724052
0.932622052
0.925529636
0.920157624
0.920157624
0.91836582
0.91836582
0.91836582
0.91836582
0.91836582
0.91836582
0.91836582
0.91836582
0.91836582
0.91836582
0.91836582
0.91836582
0.91836582
0.91836582
0.91836582
0.91836582
0.91836582
0.91836582
0.91836582
0.91836582
0.91836582
0.91836582
0.91836582
0.91836582
0.91836582
0.91836582
0.91836582
0.91836582
0.91836582
0.91836582
0.91836582
0.91836582
0.91836582
0.91836582
0.91836582
0.91836582
0.91836582
0.91836582
0.91836582
0.91836582
0.91836582
0.91836582
0.91836582
0.91836582
0.91836582
0.91836582
0.91836582
0.91836582
0.91836582
0.91836582
0.91836582
0.91836582
0.91836582
0.91836582
0.91836582
0.91836582
0.91836582
0.91836582
0.91836582
0.91836582
0.91836582
0.91836582
0.91836582
0.91836582
0.91836582
0.91836582
0.91836582
0.91836582
0.91836582
0.91836582
0.91836582
0.91836582
0.91836582
0.91836582
0.91836582
0.91836582
0.91836582
0.91836582
0.91836582
0.91836582
0.91836582
0.91836582
0.91836582
0.91836582
0.91836582
0.91836582
0.91836582
0.91800202
0.91800202
0.91800202
0.91800202
0.91800202
0.917199618
0.913242009
0.911202005
0.911202005
0.911202005
0.911202005
0.911202005
0.911202005
0.911202005
0.908855999
0.908855999
0.907869997
0.906441994
0.903109987
0.902038984
0.900872782
0.894736842
0.89083596
0.89083596
0.890543559
0.884545946
0.883379743
0.883379743
0.883379743
0.883379743
0.883379743
0.883379743
0.883379743
0.883379743
0.883379743
0.883379743
0.883379743
0.883379743
0.883379743
0.883379743
0.883379743
0.883379743
0.883379743
0.883379743
0.883379743
0.883379743
0.883379743
0.883379743
0.883379743
0.883379743
0.883379743
0.883379743
0.883379743
0.883379743
0.883379743
0.883379743
0.883379743
0.883379743
0.883379743
0.883379743
0.883379743
0.883379743
0.883379743
0.883379743
0.883379743
0.883379743
0.883379743
0.883379743
0.883379743
0.883379743
0.883379743
0.883379743
0.883379743
0.883379743
0.883379743
0.883379743
0.883379743
0.883379743
0.883379743
0.883379743
0.883379743
0.883379743
0.883379743
0.883379743
0.883379743
0.883379743
0.883379743
0.883379743
0.883379743
0.883379743
0.883379743
0.883379743
0.883379743
0.883379743
0.883379743
0.883379743
0.883379743
0.883379743
0.883379743
0.883379743
0.883379743
0.883379743
0.883379743
0.883379743
0.883379743
0.883379743
0.883379743
0.883379743
0.883379743
0.883379743
0.883379743
0.883379743
0.883379743
0.883379743
0.878255932
0.875841927
0.871455917
0.864791903
0.863377499
0.861221895
0.861221895
0.861221895
0.861221895
0.861221895
0.861221895
0.861221895
0.861221895
0.861221895
0.861221895
0.861221895
0.861221895
0.861221895
0.861221895
0.861221895
0.861221895
0.861221895
0.860055692
0.860055692
0.860055692
0.860055692
0.860055692
0.860055692
0.859555891
0.85888949
0.857889887
0.856801885
0.856461884
0.85442188
0.851089872
0.846601863
0.846601863
0.846601863
0.846601863
0.839064046
0.836731641
0.836731641
0.836731641
0.836731641
0.836731641
0.83646984
0.83646984
0.833428048
0.833399633
0.833399633
0.833399633
0.833399633
0.833399633
0.833399633
0.833399633
0.833399633
0.833399633
0.833399633
0.833399633
0.833399633
0.833399633
0.833399633
0.833399633
0.833399633
0.833399633
0.833399633
0.833399633
0.833399633
0.833399633
0.833399633
0.833399633
0.833399633
0.833399633
0.833399633
0.833399633
0.833399633
0.833399633
0.833399633
0.833399633
0.833399633
0.833399633
0.833399633
0.833399633
0.833399633
0.833399633
0.833399633
0.833399633
0.833399633
0.833399633
0.833399633
0.833399633
0.833399633
0.833399633
0.833399633
0.833399633
0.833399633
0.833399633
0.833399633
0.833399633
0.833399633
0.833399633
0.833399633
0.833399633
0.833399633
0.833399633
0.833399633
0.833399633
0.833399633
0.833399633
0.833399633
0.833399633
0.833399633
0.833399633
0.833399633
0.833399633
0.833399633
0.833399633
0.833399633
0.833399633
0.833399633
0.833399633
0.833399633
0.833399633
0.833399633
0.833399633
0.833399633
0.833399633
0.833399633
0.833399633
0.833399633
0.833399633
0.833399633
0.833399633
0.829499825
0.828666143
0.82722182
0.826235818
0.826235818
0.826235818
0.826235818
0.826235818
0.826235818
0.826235818
0.826235818
0.826235818
0.826235818
0.826235818
0.824499476
0.82290381
0.82142679
0.821326207
0.819143402
0.819143402
0.818181818
0.816001795
0.816001795
0.816001795
0.816001795
0.816001795
0.813102663
0.811241785
0.80920178
0.80920178
0.80920178
0.80920178
0.805869773
0.80444177
0.804077969
0.802911766
0.802911766
0.801745564
0.801745564
0.801745564
0.801745564
0.801745564
0.801745564
0.801745564
0.801745564
0.801745564
0.801745564
0.801745564
0.801745564
0.801745564
0.801745564
0.801745564
0.801745564
0.801745564
0.801745564
0.801745564
0.801109762
0.801109762
0.80007956
0.798777357
0.796621753
0.796621753
0.79563575
0.793415546
0.79336582
0.792235743
0.792235743
0.792235743
0.79087574
0.789821738
0.789821738
0.788835735
0.788835735
0.788835735
0.788835735
0.78648973
0.78648973
0.78648973
0.78623573
0.785418728
0.785379528
0.784738726
0.784376126
0.778992714
0.776255708
0.776255708
0.776255708
0.776255708
0.776255708
0.776255708
0.776255708
0.776255708
0.776255708
0.776255708
0.776255708
0.776255708
0.776255708
0.776255708
0.776255708
0.775089505
0.773923303
0.773923303
0.773875703
0.7728217
0.768911692
0.766759487
0.766759487
0.766123685
0.766123685
0.765732685
0.765487884
0.761999476
0.761999476
0.761999476
0.761999476
0.761999476
0.761999476
0.761999476
0.761999476
0.761999476
0.761999476
0.761999476
0.761999476
0.761999476
0.761999476
0.761999476
0.761999476
0.761999476
0.761999476
0.761999476
0.761999476
0.761999476
0.761999476
0.761999476
0.761999476
0.761999476
0.761999476
0.761999476
0.761999476
0.761999476
0.761999476
0.761999476
0.761999476
0.761999476
0.761999476
0.761999476
0.761999476
0.761999476
0.761999476
0.761999476
0.761999476
0.761999476
0.761999476
0.761999476
0.761999476
0.761999476
0.761999476
0.761999476
0.761999476
0.761999476
0.761999476
0.761999476
0.761999476
0.761999476
0.761999476
0.761999476
0.761999476
0.761999476
0.761999476
0.761999476
0.761999476
0.761999476
0.761999476
0.761999476
0.761999476
0.761999476
0.761999476
0.761999476
0.761999476
0.761999476
0.761999476
0.761999476
0.761999476
0.761999476
0.761999476
0.761999476
0.761999476
0.761999476
0.761999476
0.761999476
0.761999476
0.761999476
0.761999476
0.761635676
0.761635676
0.75926247
0.75922167
0.755525862
0.755097461
0.755097461
0.751765454
0.751765454
0.751765454
0.751765454
0.751765454
0.751765454
0.751765454
0.751765454
0.751765454
0.751765454
0.751765454
0.751765454
0.751765454
0.751765454
0.751765454
0.751653563
0.751503653
0.750908343
0.7500663
0.749711849
0.747338644
0.74690231
0.744601638
0.744601638
0.744601638
0.744601638
0.744601638
0.744601638
0.744601638
0.744601638
0.744601638
0.744601638
0.744601638
0.744601638
0.744601638
0.744601638
0.744601638
0.744601638
0.744601638
0.744601638
0.744601638
0.744601638
0.744601638
0.744601638
0.744601638
0.742255633
0.742255633
0.742255633
0.741269631
0.741269631
0.741269631
0.741269631
0.741269631
0.741235631
0.739841628
0.739841628
0.737509223
0.737509223
0.73650962
0.735438618
0.735438618
0.731137609
0.731137609
0.731137609
0.731137609
0.729345805
0.729067004
0.720111384
0.718445381
0.71811558
0.71811558
0.71811558
0.71811558
0.71811558
0.71811558
0.71811558
0.71811558
0.71811558
0.71811558
0.71811558
0.716779377
0.716779377
0.716779377
0.716779377
0.716779377
0.716779377
0.716779377
0.716779377
0.716779377
0.716779377
0.716779377
0.716779377
0.716779377
0.716779377
0.716779377
0.716779377
0.714545572
0.714399372
0.714001571
0.714001571
0.714001571
0.714001571
0.714001571
0.711947966
0.711485565
0.710601563
0.710601563
0.710601563
0.710601563
0.710601563
0.710601563
0.710601563
0.70924156
0.707235556
0.707201556
0.707201556
0.707201556
0.707201556
0.707201556
0.707201556
0.707201556
0.707201556
0.707201556
0.707201556
0.707201556
0.706909155
0.704855551
0.704855551
0.704855551
0.704855551
0.704855551
0.704855551
0.704855551
0.704855551
0.704855551
0.704855551
0.704855551
0.704855551
0.704855551
0.704855551
0.704855551
0.704855551
0.704855551
0.704855551
0.704855551
0.704855551
0.702050545
0.698055536
0.697035533
0.695121329
0.694621528
0.694621528
0.694621528
0.694621528
0.694621528
0.694621528
0.694621528
0.694621528
0.694621528
0.694621528
0.694621528
0.694621528
0.694621528
0.694621528
0.694621528
0.694621528
0.687821513
0.685125307
0.685125307
0.684489506
0.684489506
0.683911505
0.682507302
0.681079298
0.680365297
0.680365297
0.680365297
0.680365297
0.680365297
0.680365297
0.680365297
0.680365297
0.680365297
0.680365297
0.680365297
0.680365297
0.680365297
0.680365297
0.680365297
0.680365297
0.680365297
0.680365297
0.680365297
0.680365297
0.680365297
0.680365297
0.680365297
0.680365297
0.680001496
0.680001496
0.680001496
0.680001496
0.680001496
0.680001496
0.680001496
0.680001496
0.680001496
0.680001496
0.680001496
0.679535695
0.679199094
0.678699293
0.673201481
0.673201481
0.673201481
0.673201481
0.673201481
0.673201481
0.673201481
0.669869474
0.669869474
0.669869474
0.669869474
0.669869474
0.669869474
0.669869474
0.669869474
0.669869474
0.669869474
0.66836582
0.666799267
0.666799267
0.666799267
0.666666667
0.666666667
0.666666667
0.666401466
0.664038461
0.664038461
0.661641456
0.660621453
0.660621453
0.659999252
0.659999252
0.659999252
0.659999252
0.659999252
0.659999252
0.659999252
0.659999252
0.659999252
0.659999252
0.659999252
0.659999252
0.659999252
0.659999252
0.659999252
0.659999252
0.659999252
0.659999252
0.659999252
0.659999252
0.659999252
0.659999252
0.659999252
0.659999252
0.659999252
0.659999252
0.659999252
0.659999252
0.659999252
0.659999252
0.659999252
0.659999252
0.659999252
0.659999252
0.659999252
0.659999252
0.659999252
0.659999252
0.659999252
0.659999252
0.659999252
0.659999252
0.659999252
0.659999252
0.659999252
0.659999252
0.659999252
0.659999252
0.659999252
0.659999252
0.659999252
0.659999252
0.659999252
0.659999252
0.659999252
0.659999252
0.659999252
0.659999252
0.659999252
0.659999252
0.659999252
0.659999252
0.659999252
0.659999252
0.659999252
0.659999252
0.659999252
0.659999252
0.659999252
0.659999252
0.659999252
0.659999252
0.659999252
0.659999252
0.659999252
0.659999252
0.659999252
0.659999252
0.659999252
0.659999252
0.659999252
0.659999252
0.659999252
0.659999252
0.659999252
0.659999252
0.659999252
0.659999252
0.659999252
0.659999252
0.659999252
0.659999252
0.659999252
0.659999252
0.659999252
0.659999252
0.659999252
0.659999252
0.659999252
0.659999252
0.659999252
0.659999252
0.659999252
0.659999252
0.659999252
0.659999252
0.659999252
0.659999252
0.659999252
0.659999252
0.659999252
0.659999252
0.659999252
0.659999252
0.659635451
0.659635451
0.659635451
0.659635451
0.659635451
0.659635451
0.659635451
0.659635451
0.659635451
0.659635451
0.659635451
0.659635451
0.659635451
0.659635451
0.659635451
0.659635451
0.659635451
0.659635451
0.659635451
0.659635451
0.659635451
0.659635451
0.659635451
0.659635451
0.657255446
0.657255446
0.656719945
0.656201444
0.655803643
0.654875441
0.654875441
0.654875441
0.652835436
0.652835436
0.650899415
0.65013923
0.649503429
0.649503429
0.649503429
0.648075426
0.646727889
0.646545422
0.64537922
0.64537922
0.64537922
0.64537922
0.64537922
0.64537922
0.64537922
0.64537922
0.64537922
0.64537922
0.64537922
0.64537922
0.64537922
0.64537922
0.64537922
0.64537922
0.64537922
0.64537922
0.64537922
0.644743418
0.642601414
0.642601414
0.642601414
0.642601414
0.640262209
0.639269406
0.639269406
0.638977006
0.638477205
0.637841403
0.637841403
0.637841403
0.637841403
0.637841403
0.637841403
0.637841403
0.637841403
0.635145197
0.635145197
0.635145197
0.635145197
0.635145197
0.635145197
0.635145197
0.635145197
0.635145197
0.635145197
0.635145197
0.635145197
0.635145197
0.635145197
0.634509396
0.633091593
0.632765192
0.625635376
0.625635376
0.625635376
0.625635376
0.623221371
0.623221371
0.623221371
0.623221371
0.623221371
0.623221371
0.623221371
0.623221371
0.623221371
0.623221371
0.623221371
0.623221371
0.623221371
0.623221371
0.623221371
0.623221371
0.623221371
0.623221371
0.623221371
0.623221371
0.623221371
0.623221371
0.622055169
0.622055169
0.622055169
0.622055169
0.622055169
0.62029099
0.619889364
0.619889364
0.619889364
0.619142334
0.617628359
0.617384692
0.617111558
0.613089349
0.613089349
0.613089349
0.609629416
0.605966333
0.605576466
0.602855326
0.602855326
0.602855326
0.602855326
0.602855326
0.602855326
0.602855326
0.602855326
0.602855326
0.602855326
0.602855326
0.602855326
0.602311325
0.602311325
0.602300898
0.60015912
0.60015912
0.60015912
0.599523319
0.598731117
0.597779115
0.597779115
0.597499252
0.59539911
0.59539911
0.59539911
0.59539911
0.59539911
0.59539911
0.59539911
0.59539911
0.59539911
0.59539911
0.59539911
0.59539911
0.59539911
0.59539911
0.59539911
0.59539911
0.59539911
0.59539911
0.59539911
0.59539911
0.59533281
0.59532771
0.594379108
0.593332585
0.592621304
0.592621304
0.592621304
0.592621304
0.591999102
0.591972752
0.588235294
0.588235294
0.588235294
0.588235294
0.588235294
0.588235294
0.588235294
0.588235294
0.588235294
0.588235294
0.588235294
0.588235294
0.588235294
0.588235294
0.588235294
0.588235294
0.588235294
0.588235294
0.588235294
0.588235294
0.588235294
0.588235294
0.588235294
0.588235294
0.588235294
0.588055094
0.587861293
0.585165087
0.585165087
0.585165087
0.585165087
0.585165087
0.585032487
0.584903287
0.584903287
0.58176508
0.578365072
0.578365072
0.578365072
0.578365072
0.578365072
0.578365072
0.578365072
0.578365072
0.578365072
0.578365072
0.578365072
0.578365072
0.578365072
0.578365072
0.578365072
0.578365072
0.578365072
0.578365072
0.578365072
0.578001272
0.578001272
0.578001272
0.578001272
0.578001272
0.578001272
0.578001272
0.578001272
0.578001272
0.578001272
0.578001272
0.578001272
0.578001272
0.578001272
0.578001272
0.578001272
0.578001272
0.578001272
0.578001272
0.578001272
0.578001272
0.578001272
0.578001272
0.578001272
0.578001272
0.578001272
0.578001272
0.578001272
0.578001272
0.578001272
0.578001272
0.578001272
0.578001272
0.578001272
0.578001272
0.578001272
0.578001272
0.578001272
0.578001272
0.578001272
0.578001272
0.578001272
0.578001272
0.578001272
0.578001272
0.578001272
0.578001272
0.578001272
0.578001272
0.578001272
0.578001272
0.578001272
0.578001272
0.578001272
0.578001272
0.578001272
0.578001272
0.578001272
0.578001272
0.578001272
0.578001272
0.578001272
0.578001272
0.578001272
0.578001272
0.578001272
0.578001272
0.578001272
0.578001272
0.578001272
0.578001272
0.578001272
0.578001272
0.578001272
0.578001272
0.578001272
0.578001272
0.578001272
0.578001272
0.578001272
0.578001272
0.578001272
0.578001272
0.578001272
0.576665919
0.576665919
0.575621266
0.574601264
0.573241261
0.573241261
0.573241261
0.573241261
0.573241261
0.571201257
0.571201257
0.571201257
0.571201257
0.571201257
0.571201257
0.571201257
0.570562055
0.569254186
0.568505051
0.567869249
0.567869249
0.567869249
0.567869249
0.567869249
0.564911243
0.564911243
0.564108841
0.564108841
0.564108841
0.564108841
0.564108841
0.564108841
0.56374504
0.56374504
0.56374504
0.56374504
0.56374504
0.56374504
0.56374504
0.56374504
0.56374504
0.56374504
0.56374504
0.56374504
0.56374504
0.56374504
0.56374504
0.56374504
0.56374504
0.56374504
0.563109239
0.562692738
0.562038236
0.561752236
0.561318568
0.559387931
0.559098363
0.557635227
0.557635227
0.557635227
0.554073719
0.553511018
0.552875216
0.552875216
0.551473161
0.55017901
0.55017901
0.55017901
0.548125406
0.547713762
0.544901443
0.544398998
0.544001197
0.544001197
0.544001197
0.544001197
0.544001197
0.544001197
0.544001197
0.544001197
0.544001197
0.544001197
0.544001197
0.544001197
0.544001197
0.544001197
0.544001197
0.544001197
0.544001197
0.544001197
0.544001197
0.543378995
0.543378995
0.543378995
0.543378995
0.543378995
0.543378995
0.543378995
0.543378995
0.543378995
0.543378995
0.543378995
0.543378995
0.543378995
0.543378995
0.543378995
0.543378995
0.543378995
0.543378995
0.543378995
0.543378995
0.543378995
0.543378995
0.543378995
0.541325391
0.540601189
0.539921188
0.539921188
0.538911386
0.538255184
0.538255184
0.538255184
0.538255184
0.538255184
0.538255184
0.538255184
0.538255184
0.538255184
0.538255184
0.538255184
0.538255184
0.538255184
0.538255184
0.538255184
0.538255184
0.538255184
0.538255184
0.538255184
0.538255184
0.538255184
0.538255184
0.538255184
0.538255184
0.538255184
0.538255184
0.538255184
0.538255184
0.538255184
0.538255184
0.538001184
0.537248782
0.537235182
0.537088982
0.53496851
0.533399633
0.533333333
0.532752839
0.531455169
0.531455169
0.528123162
0.523998953
0.523998953
0.521856948
0.521787815
0.521221147
0.521221147
0.521221147
0.521221147
0.521221147
0.521221147
0.521221147
0.521221147
0.521221147
0.521221147
0.521221147
0.521221147
0.521221147
0.521221147
0.521221147
0.521221147
0.521221147
0.521221147
0.521221147
0.521221147
0.521221147
0.520235145
0.520054944
0.520054944
0.520054944
0.518524941
0.51836582
0.517889139
0.517889139
0.517889139
0.517889139
0.517889139
0.517889139
0.517322826
0.516726337
0.516144936
0.516144936
0.515908635
0.515101133
0.514497632
0.514057331
0.51376493
0.51376493
0.51376493
0.51376493
0.51376493
0.51376493
0.51376493
0.51376493
0.51376493
0.51376493
0.51376493
0.512865742
0.511999476
0.511478638
0.508698919
0.508698919
0.506601115
0.506601115
0.506601115
0.506601115
0.506601115
0.506601115
0.506601115
0.506601115
0.506601115
0.506601115
0.506601115
0.506601115
0.506601115
0.506601115
0.506601115
0.506601115
0.506601115
0.506601115
0.506601115
0.506601115
0.506601115
0.506601115
0.506601115
0.506601115
0.506601115
0.506601115
0.506601115
0.506601115
0.506601115
0.506601115
0.506601115
0.506601115
0.506601115
0.506601115
0.506601115
0.506601115
0.506601115
0.506601115
0.506601115
0.506601115
0.506601115
0.506601115
0.506601115
0.506601115
0.506601115
0.506601115
0.506601115
0.506601115
0.506601115
0.506601115
0.506601115
0.506601115
0.506601115
0.506601115
0.506601115
0.506601115
0.506601115
0.506601115
0.506601115
0.506601115
0.506601115
0.506601115
0.506601115
0.506601115
0.506601115
0.506601115
0.506601115
0.506601115
0.506601115
0.506601115
0.506601115
0.506601115
0.506601115
0.506601115
0.506601115
0.506601115
0.506601115
0.506601115
0.506601115
0.506601115
0.506601115
0.506601115
0.506601115
0.506601115
0.506601115
0.506601115
0.506601115
0.504894311
0.503530908
0.503269107
0.503269107
0.503269107
0.503269107
0.503269107
0.503088907
0.502561906
0.501765454
0.5
0.5
0.5
0.5
0.5
0.5
0.5
0.4998011
0.4998011
0.4998011
0.4998011
0.4998011
0.499437299
0.497115094
0.496730893
0.496178958
0.495200889
0.493398885
0.493398885
0.493398885
0.493398885
0.493398885
0.493398885
0.493398885
0.493398885
0.493398885
0.493398885
0.493398885
0.493398885
0.493398885
0.493398885
0.493398885
0.493398885
0.493398885
0.493398885
0.493398885
0.493398885
0.493398885
0.493398885
0.493398885
0.493398885
0.493398885
0.493398885
0.493332585
0.49106648
0.489941078
0.489794392
0.489203276
0.488921076
0.48623507
0.48623507
0.48623507
0.48623507
0.48623507
0.48623507
0.48623507
0.48623507
0.48623507
0.48623507
0.48623507
0.48623507
0.48623507
0.48623507
0.48623507
0.48623507
0.48623507
0.48623507
0.48623507
0.48623507
0.48623507
0.48623507
0.48623507
0.48623507
0.48623507
0.48623507
0.48623507
0.48623507
0.48623507
0.48623507
0.48623507
0.48623507
0.48623507
0.48623507
0.48623507
0.48623507
0.485521068
0.485068867
0.483855064
0.483528664
0.483379743
0.482903062
0.482687729
0.48176678
0.481475059
0.481475059
0.481475059
0.481111258
0.480858201
0.480766724
0.479945056
0.479945056
0.479286304
0.478778853
0.478778853
0.478778853
0.478778853
0.478778853
0.478778853
0.478778853
0.478778853
0.478778853
0.478778853
0.478778853
0.478778853
0.478778853
0.478778853
0.478778853
0.477852918
0.477168383
0.476001047
0.476001047
0.476001047
0.476001047
0.476001047
0.476001047
0.476001047
0.476001047
0.476001047
0.476001047
0.476001047
0.476001047
0.473965576
0.473668642
0.472271239
0.472271239
0.470255035
0.469823234
0.46835103
0.466481026
0.464101021
0.462424817
0.461744816
0.461744816
0.461744816
0.461744816
0.461744816
0.461744816
0.461744816
0.461744816
0.461744816
0.461744816
0.461744816
0.461744816
0.461744816
0.461585015
0.461267681
0.460745214
0.460601563
0.46045508
0.459999252
0.459364811
0.45900101
0.45900101
0.45900101
0.45900101
0.457698807
0.457698807
0.456621005
0.456621005
0.456621005
0.456621005
0.456621005
0.456621005
0.456621005
0.456621005
0.456621005
0.456621005
0.456621005
0.456621005
0.456621005
0.456621005
0.456621005
0.456621005
0.456621005
0.456621005
0.456621005
0.456621005
0.456621005
0.456621005
0.456621005
0.456621005
0.456621005
0.456621005
0.456621005
0.456621005
0.456621005
0.456621005
0.456621005
0.456621005
0.456621005
0.456621005
0.456621005
0.456621005
0.456621005
0.456621005
0.456621005
0.456621005
0.456621005
0.456621005
0.456621005
0.456621005
0.456621005
0.456621005
0.456621005
0.456621005
0.456621005
0.456621005
0.456621005
0.456621005
0.456621005
0.456621005
0.456621005
0.456621005
0.456621005
0.456621005
0.456621005
0.456621005
0.456621005
0.456621005
0.456621005
0.456621005
0.456621005
0.456621005
0.456621005
0.456621005
0.456621005
0.456621005
0.456621005
0.456621005
0.456621005
0.456621005
0.456621005
0.456621005
0.456621005
0.456572433
0.455998803
0.455998803
0.455998803
0.455998803
0.455998803
0.455998803
0.455998803
0.455601002
0.455601002
0.455601002
0.454807667
0.454288599
0.452717796
0.44982099
0.44982099
0.44982099
0.44982099
0.44982099
0.447715818
0.447124784
0.447124784
0.447124784
0.447124784
0.447124784
0.446488982
0.446488982
0.446488982
0.445713538
0.444877902
0.444188311
0.442364773
0.442364773
0.439620967
0.439223166
0.438952979
0.438600965
0.438600965
0.438260964
0.437961764
0.437961764
0.43625496
0.43625496
0.43625496
0.43625496
0.43625496
0.43625496
0.43625496
0.43625496
0.43625496
0.43625496
0.43625496
0.43625496
0.43625496
0.43625496
0.43625496
0.43625496
0.43625496
0.43625496
0.43625496
0.43625496
0.43625496
0.43625496
0.43625496
0.43625496
0.43625496
0.43625496
0.43625496
0.43625496
0.43623116
0.435891159
0.433558754
0.432286665
0.432130751
0.432130751
0.431555016
0.430610947
0.429250944
0.428798743
0.426758739
0.426758739
0.426758739
0.425398736
0.423300931
0.421998728
0.421998728
0.421998728
0.421998728
0.421998728
0.421998728
0.421998728
0.421998728
0.421998728
0.421998728
0.421998728
0.421998728
0.421998728
0.421998728
0.421998728
0.421998728
0.421998728
0.421998728
0.421998728
0.421998728
0.421998728
0.421998728
0.421998728
0.421998728
0.421998728
0.421998728
0.421998728
0.421998728
0.421998728
0.421998728
0.421998728
0.421998728
0.421998728
0.421998728
0.421998728
0.421998728
0.421998728
0.421998728
0.421998728
0.421998728
0.421998728
0.421998728
0.421998728
0.421998728
0.421998728
0.421998728
0.421998728
0.421634928
0.421634928
0.421634928
0.421634928
0.421634928
0.421634928
0.421634928
0.421634928
0.421634928
0.421634928
0.421634928
0.421634928
0.421634928
0.421634928
0.421634928
0.421634928
0.421634928
0.421634928
0.421634928
0.421634928
0.421634928
0.421634928
0.421634928
0.421634928
0.421634928
0.421634928
0.421634928
0.421634928
0.421634928
0.421634928
0.421634928
0.421634928
0.421634928
0.421634928
0.421634928
0.421634928
0.421634928
0.421634928
0.421634928
0.421634928
0.421634928
0.421634928
0.421634928
0.421634928
0.421634928
0.421634928
0.421634928
0.421634928
0.421634928
0.421634928
0.421634928
0.421634928
0.421634928
0.421634928
0.421634928
0.421634928
0.421634928
0.421634928
0.421634928
0.421634928
0.421634928
0.421634928
0.421634928
0.421634928
0.421634928
0.421634928
0.421634928
0.421634928
0.421634928
0.421634928
0.421634928
0.421634928
0.421634928
0.421634928
0.421634928
0.421634928
0.421600928
0.421600928
0.41836582
0.41836582
0.41836582
0.41836582
0.414834913
0.414834913
0.412600908
0.411764706
0.411764706
0.411764706
0.411764706
0.411764706
0.411764706
0.411764706
0.411764706
0.411764706
0.411764706
0.411764706
0.411764706
0.411764706
0.411502905
0.411502905
0.410765104
0.409999252
0.409711101
0.4090583
0.408000898
0.408000898
0.408000898
0.407599697
0.407378696
0.407378696
0.407378696
0.407378696
0.40460089
0.40460089
0.40460089
0.40460089
0.40460089
0.40460089
0.40460089
0.40460089
0.40460089
0.40460089
0.40460089
0.40460089
0.40460089
0.40460089
0.40460089
0.40460089
0.40460089
0.40460089
0.40460089
0.40460089
0.40460089
0.40460089
0.40460089
0.40460089
0.40460089
0.40460089
0.40460089
0.40460089
0.40460089
0.40460089
0.40460089
0.40460089
0.40460089
0.40460089
0.40460089
0.40460089
0.40460089
0.40460089
0.40460089
0.40460089
0.40460089
0.40460089
0.40460089
0.40460089
0.40460089
0.40460089
0.40460089
0.40460089
0.40460089
0.40460089
0.40460089
0.40460089
0.40460089
0.40460089
0.40460089
0.40460089
0.40460089
0.40460089
0.40460089
0.40460089
0.40460089
0.40460089
0.40460089
0.40460089
0.40460089
0.40460089
0.40460089
0.40460089
0.40460089
0.40460089
0.40460089
0.40460089
0.40460089
0.402934886
0.402220885
0.402220885
0.402220885
0.401268883
0.401268883
0.401268883
0.401268883
0.401268883
0.401268883
0.401268883
0.401268883
0.401268883
0.400554881
0.4
0.4
0.4
0.4
0.4
0.4
0.39984088
0.39984088
0.39984088
0.39984088
0.39984088
0.39984088
0.39984088
0.39984088
0.398820877
0.398335162
0.398310876
0.397144674
0.397144674
0.397144674
0.397144674
0.397144674
0.397144674
0.397144674
0.397144674
0.397144674
0.397144674
0.397144674
0.397144674
0.397144674
0.397144674
0.397144674
0.397144674
0.396667539
0.396508872
0.396100871
0.39547867
0.39543787
0.39543787
0.39543787
0.39543787
0.394910869
0.394003067
0.393332585
0.393244865
0.392637114
0.391598884
0.390082858
0.389540557
0.383379743
0.383379743
0.380817838
0.380800838
0.380800838
0.380800838
0.380800838
0.380110636
0.379100834
0.378420833
0.378289366
0.376778629
0.376778629
0.376778629
0.376778629
0.376778629
0.376778629
0.376778629
0.376778629
0.376778629
0.376778629
0.376778629
0.376778629
0.376754829
0.374364624
0.372311019
0.370487482
0.370209814
0.370048881
0.369920814
0.369855364
0.368934812
0.367234808
0.367234808
0.367234808
0.367234808
0.365116603
0.364854803
0.364854803
0.364854803
0.364854803
0.364854803
0.364854803
0.364854803
0.364854803
0.364854803
0.364854803
0.364854803
0.364854803
0.364854803
0.364854803
0.364854803
0.364854803
0.364854803
0.364854803
0.364854803
0.364854803
0.364854803
0.364854803
0.364854803
0.364854803
0.364854803
0.364854803
0.364854803
0.364854803
0.364854803
0.364854803
0.364854803
0.364854803
0.364854803
0.363144599
0.361522795
0.359778592
0.357398586
0.357398586
0.35462078
0.35462078
0.35462078
0.35462078
0.35462078
0.35462078
0.35462078
0.35462078
0.35462078
0.35462078
0.35462078
0.35462078
0.35462078
0.35462078
0.35462078
0.35462078
0.35462078
0.35462078
0.35462078
0.35462078
0.35462078
0.35462078
0.35462078
0.35462078
0.35462078
0.35462078
0.35462078
0.35462078
0.35462078
0.35462078
0.35462078
0.35462078
0.35462078
0.35462078
0.35462078
0.35462078
0.35462078
0.35462078
0.35462078
0.35462078
0.35462078
0.35462078
0.35462078
0.35462078
0.35462078
0.35462078
0.35462078
0.35462078
0.35462078
0.35462078
0.35462078
0.35462078
0.35462078
0.35462078
0.35462078
0.35462078
0.35462078
0.35462078
0.35462078
0.35462078
0.35462078
0.35462078
0.35462078
0.35462078
0.35462078
0.35462078
0.35462078
0.35462078
0.35462078
0.35462078
0.35462078
0.35462078
0.35462078
0.35462078
0.35462078
0.35462078
0.35462078
0.35462078
0.35462078
0.35462078
0.35462078
0.35462078
0.35462078
0.353502603
0.351560773
0.34986077
0.34986077
0.34986077
0.34986077
0.34986077
0.34983102
0.349445213
0.347599765
0.34525476
0.345124559
0.345076959
0.344250757
0.344250757
0.344217891
0.344124957
0.342244753
0.341399284
0.340620749
0.340364549
0.340364549
0.340364549
0.340364549
0.340364549
0.340364549
0.340364549
0.340364549
0.340364549
0.340364549
0.340364549
0.340364549
0.340364549
0.340364549
0.340364549
0.340364549
0.340000748
0.340000748
0.340000748
0.340000748
0.340000748
0.340000748
0.340000748
0.340000748
0.340000748
0.340000748
0.340000748
0.340000748
0.340000748
0.340000748
0.340000748
0.340000748
0.340000748
0.340000748
0.340000748
0.340000748
0.340000748
0.340000748
0.340000748
0.340000748
0.340000748
0.340000748
0.340000748
0.340000748
0.340000748
0.340000748
0.340000748
0.340000748
0.340000748
0.340000748
0.340000748
0.340000748
0.340000748
0.340000748
0.340000748
0.340000748
0.340000748
0.340000748
0.340000748
0.340000748
0.340000748
0.340000748
0.340000748
0.340000748
0.340000748
0.340000748
0.340000748
0.340000748
0.340000748
0.340000748
0.340000748
0.340000748
0.340000748
0.340000748
0.340000748
0.340000748
0.340000748
0.340000748
0.340000748
0.340000748
0.340000748
0.340000748
0.340000748
0.340000748
0.340000748
0.340000748
0.340000748
0.340000748
0.340000748
0.340000748
0.340000748
0.340000748
0.340000748
0.340000748
0.340000748
0.340000748
0.340000748
0.340000748
0.340000748
0.340000748
0.340000748
0.340000748
0.340000748
0.340000748
0.340000748
0.340000748
0.340000748
0.340000748
0.340000748
0.340000748
0.340000748
0.340000748
0.340000748
0.340000748
0.340000748
0.340000748
0.340000748
0.340000748
0.340000748
0.340000748
0.340000748
0.340000748
0.340000748
0.340000748
0.340000748
0.340000748
0.340000748
0.340000748
0.340000748
0.340000748
0.340000748
0.340000748
0.340000748
0.340000748
0.340000748
0.340000748
0.340000748
0.340000748
0.340000748
0.340000748
0.340000748
0.340000748
0.340000748
0.340000748
0.340000748
0.340000748
0.340000748
0.340000748
0.340000748
0.340000748
0.340000748
0.340000748
0.340000748
0.340000748
0.340000748
0.340000748
0.340000748
0.340000748
0.340000748
0.340000748
0.340000748
0.340000748
0.340000748
0.340000748
0.340000748
0.340000748
0.340000748
0.340000748
0.340000748
0.340000748
0.340000748
0.340000748
0.340000748
0.340000748
0.340000748
0.340000748
0.340000748
0.340000748
0.340000748
0.340000748
0.340000748
0.340000748
0.340000748
0.340000748
0.340000748
0.340000748
0.340000748
0.340000748
0.340000748
0.340000748
0.340000748
0.340000748
0.340000748
0.340000748
0.340000748
0.340000748
0.340000748
0.340000748
0.340000748
0.340000748
0.340000748
0.340000748
0.340000748
0.340000748
0.340000748
0.340000748
0.340000748
0.340000748
0.340000748
0.340000748
0.340000748
0.340000748
0.340000748
0.340000748
0.340000748
0.340000748
0.340000748
0.340000748
0.340000748
0.340000748
0.340000748
0.340000748
0.340000748
0.340000748
0.340000748
0.340000748
0.340000748
0.340000748
0.340000748
0.340000748
0.340000748
0.340000748
0.340000748
0.340000748
0.340000748
0.340000748
0.340000748
0.340000748
0.340000748
0.340000748
0.340000748
0.340000748
0.340000748
0.340000748
0.340000748
0.340000748
0.340000748
0.340000748
0.340000748
0.340000748
0.340000748
0.340000748
0.340000748
0.340000748
0.340000748
0.340000748
0.340000748
0.340000748
0.340000748
0.340000748
0.340000748
0.340000748
0.340000748
0.340000748
0.340000748
0.340000748
0.340000748
0.340000748
0.340000748
0.340000748
0.340000748
0.340000748
0.340000748
0.340000748
0.340000748
0.340000748
0.340000748
0.340000748
0.340000748
0.340000748
0.340000748
0.340000748
0.340000748
0.340000748
0.340000748
0.340000748
0.340000748
0.340000748
0.340000748
0.340000748
0.340000748
0.340000748
0.340000748
0.340000748
0.340000748
0.340000748
0.340000748
0.340000748
0.340000748
0.340000748
0.340000748
0.340000748
0.340000748
0.340000748
0.340000748
0.340000748
0.340000748
0.340000748
0.340000748
0.340000748
0.340000748
0.340000748
0.340000748
0.340000748
0.340000748
0.340000748
0.340000748
0.340000748
0.340000748
0.340000748
0.340000748
0.340000748
0.340000748
0.340000748
0.340000748
0.340000748
0.340000748
0.340000748
0.340000748
0.340000748
0.340000748
0.340000748
0.340000748
0.340000748
0.340000748
0.340000748
0.340000748
0.340000748
0.340000748
0.340000748
0.340000748
0.340000748
0.340000748
0.340000748
0.340000748
0.340000748
0.340000748
0.340000748
0.340000748
0.340000748
0.340000748
0.340000748
0.340000748
0.340000748
0.340000748
0.340000748
0.340000748
0.340000748
0.340000748
0.340000748
0.340000748
0.340000748
0.340000748
0.340000748
0.340000748
0.340000748
0.340000748
0.340000748
0.340000748
0.340000748
0.340000748
0.340000748
0.340000748
0.340000748
0.340000748
0.340000748
0.340000748
0.340000748
0.340000748
0.340000748
0.340000748
0.340000748
0.340000748
0.340000748
0.340000748
0.340000748
0.340000748
0.340000748
0.340000748
0.340000748
0.340000748
0.340000748
0.340000748
0.340000748
0.340000748
0.340000748
0.340000748
0.340000748
0.340000748
0.340000748
0.340000748
0.340000748
0.340000748
0.340000748
0.340000748
0.340000748
0.340000748
0.340000748
0.340000748
0.340000748
0.340000748
0.340000748
0.340000748
0.340000748
0.340000748
0.340000748
0.340000748
0.340000748
0.340000748
0.340000748
0.340000748
0.340000748
0.340000748
0.340000748
0.340000748
0.340000748
0.340000748
0.340000748
0.340000748
0.340000748
0.340000748
0.340000748
0.340000748
0.340000748
0.340000748
0.340000748
0.340000748
0.340000748
0.340000748
0.340000748
0.340000748
0.340000748
0.340000748
0.340000748
0.340000748
0.340000748
0.340000748
0.340000748
0.340000748
0.340000748
0.340000748
0.340000748
0.340000748
0.340000748
0.340000748
0.340000748
0.340000748
0.340000748
0.340000748
0.340000748
0.340000748
0.340000748
0.340000748
0.340000748
0.340000748
0.340000748
0.340000748
0.340000748
0.340000748
0.340000748
0.340000748
0.340000748
0.340000748
0.340000748
0.340000748
0.340000748
0.340000748
0.340000748
0.340000748
0.340000748
0.340000748
0.340000748
0.340000748
0.340000748
0.340000748
0.340000748
0.340000748
0.340000748
0.340000748
0.340000748
0.340000748
0.340000748
0.340000748
0.340000748
0.340000748
0.340000748
0.340000748
0.340000748
0.340000748
0.340000748
0.340000748
0.340000748
0.340000748
0.340000748
0.340000748
0.340000748
0.340000748
0.340000748
0.340000748
0.340000748
0.340000748
0.340000748
0.340000748
0.340000748
0.340000748
0.340000748
0.340000748
0.340000748
0.340000748
0.340000748
0.340000748
0.340000748
0.340000748
0.340000748
0.340000748
0.340000748
0.340000748
0.340000748
0.340000748
0.340000748
0.340000748
0.340000748
0.340000748
0.340000748
0.340000748
0.340000748
0.340000748
0.340000748
0.340000748
0.340000748
0.340000748
0.340000748
0.340000748
0.340000748
0.340000748
0.340000748
0.340000748
0.340000748
0.340000748
0.340000748
0.340000748
0.340000748
0.340000748
0.340000748
0.340000748
0.340000748
0.340000748
0.340000748
0.340000748
0.340000748
0.340000748
0.340000748
0.340000748
0.340000748
0.340000748
0.340000748
0.340000748
0.340000748
0.340000748
0.340000748
0.340000748
0.340000748
0.340000748
0.340000748
0.340000748
0.340000748
0.340000748
0.340000748
0.340000748
0.340000748
0.340000748
0.33946808
0.339378547
0.338698545
0.336930541
0.336770741
0.336600741
0.335961539
0.335961539
0.333890935
0.333399633
0.333333333
0.333333333
0.333333333
0.333333333
0.333333333
0.333333333
0.333333333
0.333333333
0.333333333
0.333333333
0.333200733
0.333200733
0.333200733
0.333200733
0.333200733
0.333200733
0.333200733
0.333200733
0.333200733
0.333200733
0.333200733
0.333200733
0.333200733
0.333200733
0.333200733
0.333200733
0.333200733
0.331175462
0.330504527
0.329999626
0.329868726
0.329868726
0.329868726
0.329868726
0.329868726
0.329834726
0.326798519
0.324037713
0.324037713
0.324037713
0.324037713
0.324037713
0.323000711
0.32267431
0.320769172
0.319998504
0.319998504
0.319998504
0.319998504
0.319634703
0.319634703
0.319634703
0.319634703
0.319634703
0.319634703
0.319634703
0.319634703
0.319634703
0.319634703
0.319634703
0.319634703
0.319634703
0.319634703
0.319634703
0.319634703
0.319634703
0.319634703
0.319634703
0.319634703
0.319634703
0.319634703
0.319634703
0.319634703
0.319634703
0.319634703
0.319634703
0.319634703
0.319634703
0.319634703
0.319634703
0.319634703
0.319634703
0.319634703
0.319634703
0.319634703
0.319634703
0.319634703
0.319634703
0.319634703
0.319634703
0.319634703
0.319634703
0.319634703
0.319634703
0.319634703
0.319634703
0.319634703
0.319634703
0.319634703
0.319634703
0.319634703
0.319634703
0.319634703
0.319634703
0.319634703
0.319634703
0.319634703
0.319634703
0.319634703
0.319634703
0.319634703
0.319634703
0.319634703
0.319634703
0.319634703
0.319634703
0.319634703
0.319634703
0.319634703
0.319634703
0.318750701
0.3184056
0.317368032
0.315510494
0.314874693
0.314874693
0.314874693
0.314874693
0.312916288
0.310857827
0.310001122
0.309727081
0.307734677
0.307020675
0.307020675
0.306639875
0.306639875
0.30612194
0.305655856
0.305378472
0.305378472
0.305378472
0.305378472
0.305378472
0.305378472
0.305378472
0.305378472
0.305378472
0.305378472
0.305378472
0.305378472
0.305378472
0.305378472
0.305378472
0.305378472
0.305378472
0.305378472
0.305378472
0.305378472
0.305378472
0.305378472
0.30007956
0.30007956
0.299226158
0.298561457
0.297476854
0.297116454
0.29644363
0.295144449
0.295144449
0.295144449
0.295144449
0.295144449
0.295144449
0.295144449
0.295144449
0.295144449
0.295144449
0.295144449
0.295144449
0.295144449
0.295144449
0.295144449
0.295144449
0.295144449
0.295144449
0.295144449
0.295144449
0.295144449
0.295144449
0.295144449
0.295144449
0.292798444
0.292798444
0.292798444
0.292798444
0.292798444
0.29242331
0.29097349
0.290601189
0.290162305
0.289398437
0.289398437
0.289000636
0.285998429
0.285998429
0.285600628
0.285600628
0.285600628
0.285600628
0.285600628
0.285600628
0.285600628
0.285600628
0.285600628
0.285600628
0.285600628
0.285600628
0.284920627
0.283220623
0.283220623
0.283220623
0.283220623
0.283220623
0.283220623
0.283220623
0.283220623
0.283220623
0.283220623
0.283220623
0.283220623
0.283220623
0.283220623
0.283220623
0.283220623
0.283220623
0.283220623
0.283220623
0.283220623
0.283220623
0.283220623
0.283220623
0.283220623
0.283220623
0.283220623
0.283220623
0.283220623
0.283220623
0.283220623
0.283220623
0.283220623
0.283220623
0.283220623
0.283220623
0.283220623
0.283220623
0.283220623
0.283220623
0.283220623
0.283220623
0.283220623
0.283220623
0.283220623
0.283220623
0.283220623
0.283220623
0.283220623
0.283220623
0.283220623
0.283220623
0.283220623
0.283220623
0.283220623
0.283220623
0.283220623
0.283220623
0.283220623
0.283220623
0.283220623
0.283220623
0.283220623
0.283220623
0.283220623
0.283220623
0.283220623
0.283220623
0.283220623
0.283220623
0.283220623
0.283220623
0.283220623
0.283220623
0.283220623
0.283220623
0.283220623
0.283220623
0.283220623
0.283220623
0.283220623
0.283220623
0.282054421
0.282054421
0.28188442
0.281554619
0.281554619
0.280524417
0.279888616
0.279888616
0.279888616
0.279888616
0.279888616
0.279888616
0.279888616
0.279888616
0.279888616
0.279888616
0.279888616
0.276255708
0.276056807
0.274782423
0.272727273
0.270844596
0.270552195
0.270290395
0.266560586
0.265727585
0.265727585
0.265101133
0.264904783
0.264763116
0.261999476
0.261999476
0.261999476
0.261999476
0.261436775
0.259142013
0.25894457
0.257778367
0.257744367
0.257744367
0.257744367
0.257400116
0.256621005
0.25616835
0.255398362
0.255398362
0.255398362
0.255398362
0.255398362
0.255398362
0.255398362
0.255398362
0.255398362
0.255398362
0.255398362
0.255398362
0.255398362
0.255398362
0.255398362
0.255398362
0.255398362
0.255398362
0.255398362
0.255398362
0.255398362
0.255398362
0.255398362
0.255398362
0.255398362
0.255398362
0.255398362
0.252256755
0.251981354
0.251765454
0.251765454
0.251699154
0.251699154
0.251699154
0.251699154
0.251699154
0.251699154
0.251699154
0.251699154
0.251699154
0.251699154
0.251274153
0.250375913
0.25
0.25
0.25
0.25
0.25
0.25
0.25
0.25
0.248234546
0.248234546
0.248234546
0.248234546
0.248234546
0.248234546
0.248234546
0.248234546
0.248234546
0.248234546
0.248234546
0.248234546
0.248234546
0.248234546
0.248234546
0.248234546
0.248234546
0.248234546
0.248234546
0.248234546
0.248234546
0.248234546
0.248234546
0.248234546
0.248234546
0.248234546
0.248234546
0.248234546
0.248234546
0.248234546
0.248234546
0.248234546
0.248234546
0.248234546
0.248234546
0.248234546
0.248234546
0.248234546
0.248234546
0.248234546
0.248234546
0.248234546
0.248234546
0.248234546
0.248234546
0.248234546
0.248234546
0.248234546
0.248234546
0.248234546
0.248234546
0.248234546
0.248234546
0.248234546
0.248234546
0.248234546
0.248234546
0.248234546
0.248234546
0.248234546
0.248234546
0.248234546
0.248234546
0.248234546
0.248234546
0.248234546
0.248234546
0.248234546
0.248234546
0.248234546
0.248234546
0.248234546
0.248234546
0.248234546
0.248234546
0.248234546
0.248234546
0.248234546
0.248234546
0.248234546
0.248234546
0.248234546
0.248234546
0.248234546
0.248234546
0.248234546
0.248234546
0.248234546
0.248234546
0.248234546
0.248234546
0.248234546
0.248234546
0.248234546
0.248234546
0.248234546
0.248234546
0.248234546
0.248234546
0.248234546
0.248234546
0.248234546
0.248234546
0.248234546
0.248234546
0.247520545
0.247421094
0.24684621
0.24531904
0.244902539
0.244902539
0.244902539
0.244902539
0.244601638
0.244411663
0.244110337
0.243921637
0.243236535
0.242039732
0.241570531
0.24073753
0.239939208
0.239571327
0.239071526
0.238445075
0.238364324
0.238000524
0.238000524
0.238000524
0.238000524
0.238000524
0.238000524
0.238000524
0.238000524
0.238000524
0.238000524
0.238000524
0.238000524
0.238000524
0.238000524
0.238000524
0.238000524
0.238000524
0.238000524
0.238000524
0.238000524
0.238000524
0.238000524
0.238000524
0.238000524
0.238000524
0.238000524
0.238000524
0.238000524
0.238000524
0.238000524
0.238000524
0.238000524
0.238000524
0.238000524
0.238000524
0.238000524
0.238000524
0.238000524
0.238000524
0.238000524
0.238000524
0.238000524
0.238000524
0.238000524
0.238000524
0.238000524
0.238000524
0.238000524
0.238000524
0.238000524
0.238000524
0.238000524
0.238000524
0.238000524
0.238000524
0.238000524
0.238000524
0.238000524
0.238000524
0.238000524
0.238000524
0.238000524
0.238000524
0.238000524
0.238000524
0.238000524
0.238000524
0.238000524
0.238000524
0.238000524
0.238000524
0.238000524
0.238000524
0.238000524
0.238000524
0.238000524
0.238000524
0.238000524
0.238000524
0.238000524
0.238000524
0.238000524
0.238000524
0.238000524
0.238000524
0.238000524
0.238000524
0.238000524
0.238000524
0.238000524
0.238000524
0.238000524
0.238000524
0.238000524
0.238000524
0.238000524
0.238000524
0.238000524
0.238000524
0.238000524
0.238000524
0.238000524
0.238000524
0.238000524
0.238000524
0.238000524
0.238000524
0.238000524
0.238000524
0.238000524
0.238000524
0.238000524
0.238000524
0.238000524
0.238000524
0.238000524
0.238000524
0.238000524
0.238000524
0.238000524
0.238000524
0.238000524
0.238000524
0.238000524
0.238000524
0.238000524
0.238000524
0.238000524
0.238000524
0.238000524
0.238000524
0.238000524
0.238000524
0.238000524
0.238000524
0.238000524
0.238000524
0.238000524
0.238000524
0.238000524
0.238000524
0.238000524
0.238000524
0.238000524
0.238000524
0.238000524
0.238000524
0.238000524
0.238000524
0.238000524
0.238000524
0.238000524
0.238000524
0.238000524
0.238000524
0.238000524
0.238000524
0.238000524
0.238000524
0.238000524
0.238000524
0.238000524
0.238000524
0.238000524
0.238000524
0.238000524
0.238000524
0.238000524
0.238000524
0.238000524
0.238000524
0.238000524
0.238000524
0.238000524
0.238000524
0.238000524
0.238000524
0.238000524
0.238000524
0.238000524
0.238000524
0.238000524
0.238000524
0.238000524
0.238000524
0.238000524
0.238000524
0.238000524
0.238000524
0.238000524
0.238000524
0.238000524
0.238000524
0.238000524
0.238000524
0.238000524
0.238000524
0.238000524
0.238000524
0.238000524
0.238000524
0.238000524
0.238000524
0.238000524
0.238000524
0.238000524
0.238000524
0.238000524
0.238000524
0.238000524
0.238000524
0.238000524
0.238000524
0.238000524
0.238000524
0.238000524
0.238000524
0.238000524
0.238000524
0.238000524
0.238000524
0.238000524
0.238000524
0.238000524
0.238000524
0.238000524
0.238000524
0.238000524
0.238000524
0.238000524
0.238000524
0.238000524
0.238000524
0.238000524
0.238000524
0.238000524
0.238000524
0.238000524
0.238000524
0.238000524
0.238000524
0.238000524
0.238000524
0.238000524
0.238000524
0.238000524
0.238000524
0.238000524
0.238000524
0.238000524
0.238000524
0.238000524
0.238000524
0.238000524
0.238000524
0.238000524
0.238000524
0.238000524
0.238000524
0.238000524
0.238000524
0.238000524
0.238000524
0.238000524
0.238000524
0.238000524
0.238000524
0.238000524
0.238000524
0.238000524
0.238000524
0.238000524
0.238000524
0.238000524
0.238000524
0.238000524
0.238000524
0.238000524
0.238000524
0.238000524
0.238000524
0.238000524
0.238000524
0.238000524
0.238000524
0.238000524
0.238000524
0.238000524
0.238000524
0.238000524
0.238000524
0.238000524
0.238000524
0.238000524
0.238000524
0.238000524
0.238000524
0.238000524
0.238000524
0.238000524
0.238000524
0.238000524
0.238000524
0.238000524
0.238000524
0.238000524
0.238000524
0.238000524
0.238000524
0.238000524
0.238000524
0.238000524
0.238000524
0.238000524
0.238000524
0.238000524
0.238000524
0.238000524
0.238000524
0.238000524
0.238000524
0.238000524
0.238000524
0.238000524
0.238000524
0.238000524
0.238000524
0.238000524
0.238000524
0.238000524
0.238000524
0.238000524
0.238000524
0.238000524
0.238000524
0.238000524
0.238000524
0.238000524
0.238000524
0.238000524
0.238000524
0.238000524
0.238000524
0.238000524
0.238000524
0.238000524
0.238000524
0.238000524
0.238000524
0.238000524
0.238000524
0.238000524
0.238000524
0.238000524
0.238000524
0.238000524
0.238000524
0.238000524
0.238000524
0.238000524
0.238000524
0.238000524
0.238000524
0.238000524
0.238000524
0.238000524
0.238000524
0.238000524
0.238000524
0.238000524
0.238000524
0.238000524
0.238000524
0.238000524
0.238000524
0.238000524
0.238000524
0.238000524
0.238000524
0.238000524
0.238000524
0.238000524
0.238000524
0.238000524
0.238000524
0.238000524
0.238000524
0.238000524
0.238000524
0.238000524
0.238000524
0.238000524
0.238000524
0.238000524
0.238000524
0.238000524
0.238000524
0.238000524
0.238000524
0.238000524
0.238000524
0.238000524
0.238000524
0.238000524
0.238000524
0.238000524
0.238000524
0.238000524
0.238000524
0.238000524
0.238000524
0.238000524
0.238000524
0.238000524
0.238000524
0.238000524
0.238000524
0.238000524
0.238000524
0.238000524
0.238000524
0.238000524
0.238000524
0.238000524
0.238000524
0.238000524
0.238000524
0.238000524
0.238000524
0.238000524
0.238000524
0.238000524
0.238000524
0.238000524
0.238000524
0.238000524
0.238000524
0.238000524
0.238000524
0.238000524
0.238000524
0.238000524
0.238000524
0.238000524
0.238000524
0.238000524
0.238000524
0.238000524
0.238000524
0.238000524
0.238000524
0.238000524
0.238000524
0.238000524
0.238000524
0.238000524
0.238000524
0.238000524
0.238000524
0.238000524
0.238000524
0.238000524
0.238000524
0.238000524
0.238000524
0.238000524
0.238000524
0.238000524
0.238000524
0.238000524
0.238000524
0.238000524
0.238000524
0.238000524
0.238000524
0.238000524
0.238000524
0.238000524
0.238000524
0.238000524
0.238000524
0.238000524
0.238000524
0.238000524
0.238000524
0.238000524
0.238000524
0.238000524
0.238000524
0.238000524
0.238000524
0.238000524
0.238000524
0.238000524
0.238000524
0.238000524
0.238000524
0.238000524
0.238000524
0.238000524
0.238000524
0.238000524
0.238000524
0.238000524
0.238000524
0.238000524
0.238000524
0.238000524
0.238000524
0.238000524
0.238000524
0.238000524
0.238000524
0.238000524
0.238000524
0.238000524
0.238000524
0.238000524
0.238000524
0.238000524
0.238000524
0.238000524
0.238000524
0.238000524
0.238000524
0.238000524
0.238000524
0.238000524
0.238000524
0.238000524
0.234270715
0.233240513
0.233240513
0.233240513
0.233240513
0.233240513
0.233240513
0.233240513
0.233240513
0.233240513
0.233240513
0.233240513
0.232876712
0.230908108
0.230544307
0.229945056
0.229945056
0.228092902
0.227687168
0.226124297
0.226100497
0.225267496
0.224910495
0.224910495
0.224910495
0.223744292
0.223744292
0.223744292
0.223744292
0.223744292
0.223744292
0.223744292
0.223744292
0.223744292
0.223744292
0.223744292
0.223744292
0.223744292
0.223744292
0.223744292
0.223744292
0.223744292
0.223744292
0.223244491
0.21976855
0.218601214
0.218445381
0.21825668
0.216961277
0.216739597
0.216713077
0.216713077
0.216713077
0.216713077
0.216713077
0.216580476
0.216580476
0.215261274
0.214914473
0.213803804
0.213803804
0.21351027
0.213379369
0.211939466
0.211715066
0.211164265
0.211164265
0.211164265
0.211164265
0.210667863
0.210178262
0.210178262
0.209509594
0.207764257
0.207417456
0.207417456
0.206584454
0.206054053
0.205473785
0.204855551
0.204231649
0.204180649
0.204080106
0.204080106
0.204080106
0.203602648
0.203419331
0.203378247
0.202300445
0.201222643
0.2
0.2
0.2
0.2
0.2
0.2
0.2
0.2
0.2
0.2
0.2
0.2
0.2
0.2
0.2
0.2
0.2
0.2
0.19992044
0.19992044
0.19992044
0.19992044
0.19992044
0.199841106
0.199468239
0.198254436
0.198254436
0.198254436
0.198254436
0.198254436
0.198254436
0.198254436
0.198254436
0.198254436
0.198254436
0.198254436
0.198254436
0.198254436
0.198254436
0.198254436
0.198254436
0.198254436
0.198254436
0.198254436
0.198254436
0.198254436
0.198254436
0.198254436
0.198254436
0.198254436
0.198254436
0.198254436
0.198254436
0.198254436
0.198254436
0.198254436
0.198254436
0.198254436
0.198254436
0.198254436
0.198254436
0.198254436
0.198254436
0.198254436
0.198254436
0.198254436
0.198254436
0.198254436
0.198254436
0.198254436
0.198254436
0.198254436
0.198254436
0.198254436
0.198254436
0.198254436
0.198254436
0.198254436
0.198254436
0.198254436
0.198254436
0.198254436
0.198254436
0.198254436
0.198254436
0.198254436
0.198254436
0.198254436
0.198254436
0.198254436
0.198254436
0.198254436
0.198254436
0.198254436
0.198254436
0.198254436
0.198254436
0.198254436
0.198254436
0.198254436
0.198254436
0.198254436
0.198254436
0.198254436
0.198254436
0.198254436
0.198254436
0.198254436
0.198254436
0.198254436
0.198254436
0.198254436
0.198254436
0.198254436
0.198254436
0.198254436
0.198254436
0.198254436
0.198254436
0.198254436
0.198254436
0.198254436
0.198254436
0.198254436
0.198254436
0.198254436
0.198254436
0.198254436
0.198254436
0.198254436
0.197890635
0.197890635
0.197088234
0.191689872
0.19109062
0.19079822
0.190790782
0.188774365
0.186037076
0.185220407
0.184290605
0.184157482
0.183998205
0.183998205
0.183998205
0.183998205
0.183342003
0.182427401
0.1818562
0.180856598
0.180856598
0.180054196
0.180054196
0.179379295
0.179373061
0.178817727
0.178524193
0.17731039
0.173952316
0.173764182
0.173764182
0.173764182
0.173764182
0.173764182
0.173764182
0.173764182
0.173764182
0.173764182
0.173764182
0.173764182
0.173764182
0.173764182
0.173764182
0.173764182
0.173764182
0.173764182
0.173334081
0.17277818
0.17277818
0.172234179
0.171634928
0.170487708
0.170487708
0.170231575
0.170070924
0.169099372
0.169099372
0.169099372
0.168682871
0.16836582
0.16836582
0.16836582
0.16836582
0.16836582
0.16836582
0.16836582
0.167843636
0.166732967
0.166666667
0.166600367
0.166600367
0.166600367
0.166600367
0.166600367
0.166600367
0.166600367
0.166600367
0.166600367
0.166600367
0.166600367
0.166600367
0.166600367
0.166600367
0.166600367
0.166600367
0.166600367
0.166600367
0.166600367
0.166600367
0.166600367
0.166600367
0.166600367
0.166600367
0.166600367
0.166600367
0.166600367
0.166600367
0.166600367
0.166600367
0.166600367
0.166600367
0.166600367
0.166600367
0.166600367
0.166600367
0.166600367
0.166600367
0.166600367
0.166600367
0.166600367
0.166600367
0.166600367
0.166600367
0.166600367
0.166600367
0.166600367
0.166600367
0.166600367
0.166600367
0.166600367
0.166600367
0.166600367
0.166600367
0.166600367
0.166600367
0.166600367
0.166600367
0.166600367
0.166600367
0.166600367
0.166600367
0.166600367
0.166600367
0.166600367
0.166600367
0.166600367
0.166600367
0.166600367
0.166600367
0.166600367
0.166600367
0.166600367
0.166600367
0.166600367
0.166600367
0.166600367
0.166600367
0.166600367
0.166600367
0.166600367
0.166600367
0.166600367
0.166600367
0.166600367
0.166600367
0.166600367
0.166600367
0.166600367
0.166600367
0.166600367
0.166600367
0.166600367
0.166600367
0.166600367
0.166600367
0.166600367
0.166600367
0.166600367
0.166600367
0.166600367
0.166600367
0.166600367
0.166600367
0.166600367
0.166600367
0.166600367
0.166600367
0.166600367
0.166600367
0.166600367
0.166600367
0.166600367
0.166600367
0.166600367
0.166600367
0.166600367
0.166600367
0.166600367
0.166600367
0.166600367
0.166600367
0.166600367
0.166600367
0.166600367
0.166600367
0.166600367
0.166600367
0.166600367
0.166600367
0.166600367
0.166600367
0.166600367
0.166600367
0.166600367
0.166600367
0.166600367
0.166600367
0.166600367
0.166600367
0.166600367
0.166600367
0.166600367
0.166600367
0.166600367
0.166600367
0.166600367
0.166600367
0.166600367
0.166600367
0.166600367
0.166600367
0.166600367
0.166600367
0.166600367
0.166600367
0.166600367
0.166600367
0.166600367
0.166600367
0.166600367
0.166600367
0.166600367
0.166600367
0.166600367
0.166600367
0.166600367
0.166600367
0.166600367
0.166600367
0.166600367
0.166600367
0.166600367
0.166600367
0.166600367
0.166600367
0.166600367
0.166600367
0.166600367
0.166600367
0.166600367
0.166600367
0.166600367
0.166600367
0.166600367
0.166600367
0.166600367
0.166600367
0.166600367
0.166600367
0.166600367
0.166600367
0.166600367
0.166600367
0.166600367
0.166600367
0.166600367
0.166600367
0.166600367
0.166600367
0.166600367
0.166600367
0.166600367
0.166600367
0.166600367
0.166600367
0.166600367
0.166600367
0.166600367
0.166600367
0.166600367
0.166600367
0.166600367
0.166600367
0.166600367
0.166600367
0.166600367
0.166600367
0.166600367
0.166600367
0.166600367
0.166600367
0.166600367
0.166600367
0.166600367
0.166600367
0.166600367
0.166600367
0.166600367
0.166600367
0.166600367
0.166600367
0.166600367
0.166600367
0.166600367
0.166600367
0.166600367
0.166600367
0.166600367
0.166600367
0.166600367
0.166600367
0.166600367
0.166600367
0.166600367
0.166600367
0.166600367
0.166600367
0.166600367
0.166600367
0.166600367
0.166600367
0.166600367
0.166600367
0.166600367
0.166600367
0.166600367
0.166600367
0.166600367
0.166600367
0.166600367
0.166600367
0.166600367
0.166600367
0.166600367
0.166600367
0.166600367
0.166600367
0.166600367
0.166600367
0.166600367
0.166600367
0.166600367
0.166600367
0.166600367
0.166600367
0.166600367
0.166600367
0.166600367
0.166600367
0.166600367
0.166600367
0.166600367
0.166600367
0.166600367
0.166600367
0.166600367
0.166600367
0.166600367
0.166600367
0.166600367
0.166600367
0.166600367
0.166600367
0.166600367
0.166600367
0.166600367
0.166600367
0.166600367
0.166600367
0.166600367
0.166600367
0.166600367
0.166600367
0.166600367
0.166600367
0.166600367
0.166600367
0.166600367
0.166600367
0.166600367
0.166600367
0.166600367
0.166600367
0.166600367
0.166600367
0.166600367
0.166600367
0.166600367
0.166600367
0.166600367
0.166600367
0.166600367
0.166600367
0.166600367
0.166600367
0.166600367
0.166600367
0.166600367
0.166600367
0.166600367
0.166600367
0.166600367
0.166600367
0.166600367
0.166600367
0.166600367
0.166600367
0.166600367
0.166600367
0.166600367
0.166600367
0.166600367
0.166600367
0.166600367
0.166600367
0.166600367
0.166600367
0.166600367
0.166600367
0.166600367
0.166600367
0.166600367
0.166600367
0.166600367
0.166600367
0.166600367
0.166600367
0.166600367
0.166600367
0.166600367
0.166600367
0.166600367
0.166600367
0.166600367
0.166600367
0.166600367
0.166600367
0.166600367
0.166600367
0.166600367
0.166600367
0.166600367
0.166600367
0.166600367
0.166600367
0.166600367
0.166600367
0.166600367
0.166600367
0.166600367
0.166600367
0.166600367
0.166600367
0.166600367
0.166600367
0.166600367
0.166600367
0.166600367
0.166600367
0.166600367
0.166600367
0.166600367
0.166600367
0.166600367
0.166600367
0.166600367
0.166600367
0.166600367
0.166600367
0.166600367
0.166600367
0.166600367
0.166600367
0.166600367
0.166600367
0.166600367
0.166600367
0.166600367
0.166600367
0.166600367
0.166600367
0.166600367
0.166600367
0.166600367
0.166600367
0.166600367
0.166600367
0.166600367
0.166600367
0.166600367
0.166600367
0.166600367
0.166600367
0.166600367
0.166600367
0.166600367
0.166600367
0.166600367
0.166600367
0.166600367
0.166600367
0.166600367
0.166600367
0.166600367
0.166600367
0.166600367
0.166600367
0.166600367
0.166600367
0.166600367
0.166600367
0.166600367
0.166600367
0.166600367
0.166600367
0.166600367
0.166600367
0.166600367
0.166600367
0.166600367
0.166600367
0.166600367
0.166600367
0.166600367
0.166600367
0.166600367
0.166600367
0.166600367
0.166600367
0.166600367
0.166600367
0.166600367
0.166600367
0.166600367
0.166600367
0.166600367
0.166600367
0.166600367
0.166600367
0.166600367
0.166600367
0.166600367
0.166600367
0.166600367
0.166600367
0.166600367
0.166600367
0.166600367
0.166600367
0.166600367
0.166600367
0.166600367
0.166600367
0.166600367
0.166600367
0.166600367
0.166600367
0.166600367
0.166600367
0.166600367
0.166600367
0.166600367
0.166600367
0.166600367
0.166600367
0.166600367
0.166600367
0.166600367
0.166600367
0.166600367
0.166600367
0.166600367
0.166600367
0.166600367
0.166600367
0.166600367
0.166600367
0.166600367
0.166600367
0.166600367
0.166600367
0.166600367
0.166600367
0.166600367
0.166600367
0.166600367
0.166600367
0.166600367
0.166600367
0.166600367
0.166600367
0.166600367
0.166600367
0.166600367
0.166600367
0.166600367
0.166600367
0.166600367
0.166600367
0.166600367
0.166600367
0.166600367
0.166600367
0.166600367
0.166600367
0.166600367
0.166600367
0.166600367
0.166600367
0.166600367
0.166236566
0.165807031
0.165414614
0.16353016
0.163268359
0.163268359
0.163268359
0.163268359
0.163268359
0.163268359
0.163268359
0.163268359
0.163268359
0.163268359
0.163268359
0.163268359
0.163268359
0.163268359
0.163268359
0.163268359
0.163268359
0.163268359
0.163268359
0.163268359
0.163268359
0.163268359
0.163268359
0.163268359
0.163268359
0.163268359
0.163268359
0.162845625
0.162534808
0.161301455
0.161185855
0.160600628
0.159999252
0.159999252
0.159999252
0.159999252
0.159999252
0.159619301
0.159381017
0.158686849
0.158270348
0.157437346
0.157437346
0.157437346
0.157437346
0.157437346
0.156187844
0.156104543
0.155493675
0.153398137
0.152220885
0.149662663
0.149008728
0.148910128
0.148690827
0.148176326
0.147000323
0.146054121
0.145041769
0.144429702
0.144386984
0.144043584
0.142110113
0.141610312
0.140632243
0.140000748
0.140000748
0.139944308
0.139944308
0.139944308
0.139944308
0.139944308
0.139944308
0.139944308
0.139944308
0.139944308
0.139944308
0.139944308
0.139944308
0.139944308
0.139905633
0.138778105
0.138778105
0.138778105
0.138778105
0.138778105
0.138778105
0.138778105
0.138778105
0.138778105
0.138778105
0.138778105
0.138778105
0.138778105
0.136921701
0.134643387
0.133379743
0.133379743
0.133379743
0.133379743
0.132169624
0.131334356
0.130800838
0.130800838
0.130800838
0.130800838
0.130800838
0.130531671
0.128544083
0.12711608
0.126488124
0.12443999
0.124117273
0.123635152
0.123617472
0.122302802
0.122277869
0.120507598
0.120507598
0.120507598
0.119535763
0.119535763
0.118933962
0.118869362
0.11836582
0.117778526
0.116620257
0.116620257
0.116620257
0.116620257
0.116620257
0.116620257
0.116620257
0.116620257
0.116620257
0.116620257
0.116620257
0.116620257
0.116620257
0.116620257
0.116620257
0.116620257
0.116620257
0.116620257
0.116620257
0.116620257
0.116620257
0.116620257
0.116620257
0.116620257
0.116620257
0.116620257
0.116620257
0.116620257
0.116620257
0.116620257
0.116620257
0.116620257
0.116620257
0.116620257
0.116620257
0.116620257
0.116620257
0.116620257
0.116620257
0.116620257
0.116620257
0.116620257
0.116620257
0.116620257
0.116620257
0.116620257
0.116620257
0.116620257
0.116620257
0.116620257
0.116620257
0.116620257
0.116620257
0.116620257
0.116620257
0.116620257
0.116620257
0.116620257
0.116620257
0.116620257
0.116620257
0.116620257
0.116620257
0.116620257
0.116620257
0.116620257
0.116620257
0.116620257
0.116620257
0.116620257
0.116620257
0.116620257
0.116620257
0.116620257
0.116620257
0.116620257
0.116620257
0.116620257
0.116620257
0.116620257
0.116620257
0.116620257
0.116620257
0.116620257
0.116620257
0.116620257
0.116620257
0.116620257
0.116620257
0.116620257
0.116620257
0.116620257
0.116620257
0.116620257
0.116620257
0.116620257
0.116620257
0.116620257
0.116620257
0.116620257
0.116620257
0.116620257
0.116620257
0.116620257
0.116620257
0.116620257
0.116620257
0.116620257
0.116620257
0.116620257
0.116620257
0.116620257
0.116620257
0.116620257
0.116620257
0.116620257
0.116620257
0.116620257
0.116620257
0.116620257
0.116620257
0.116620257
0.116620257
0.116620257
0.116620257
0.116620257
0.116620257
0.116620257
0.116620257
0.116620257
0.116620257
0.116620257
0.116620257
0.116620257
0.116620257
0.116620257
0.116620257
0.116620257
0.116620257
0.116620257
0.116620257
0.116620257
0.116620257
0.116620257
0.116620257
0.116620257
0.116620257
0.116620257
0.116620257
0.116620257
0.116620257
0.116620257
0.116620257
0.116620257
0.116620257
0.116620257
0.116620257
0.116620257
0.116620257
0.116620257
0.116620257
0.116620257
0.116620257
0.116620257
0.116620257
0.116620257
0.116620257
0.116620257
0.116620257
0.116620257
0.116620257
0.116620257
0.116620257
0.116620257
0.116620257
0.116620257
0.116620257
0.116620257
0.116620257
0.116620257
0.116620257
0.116620257
0.116620257
0.116620257
0.116620257
0.116620257
0.116620257
0.116620257
0.116620257
0.116620257
0.116620257
0.116620257
0.116620257
0.116620257
0.116620257
0.116620257
0.116620257
0.116620257
0.116620257
0.116620257
0.116620257
0.116620257
0.116620257
0.116620257
0.116620257
0.116620257
0.116620257
0.116620257
0.116620257
0.116620257
0.116620257
0.116620257
0.116620257
0.116620257
0.116620257
0.116620257
0.116620257
0.116620257
0.116620257
0.116620257
0.116620257
0.116620257
0.116620257
0.116620257
0.116620257
0.116620257
0.116620257
0.116620257
0.116620257
0.116620257
0.116620257
0.116620257
0.116620257
0.116620257
0.116620257
0.116620257
0.116620257
0.116620257
0.116620257
0.116620257
0.116620257
0.116620257
0.116620257
0.116620257
0.116620257
0.116620257
0.116620257
0.116620257
0.116620257
0.116620257
0.116620257
0.116620257
0.116620257
0.116620257
0.116620257
0.116620257
0.116620257
0.116620257
0.116620257
0.116620257
0.116620257
0.116620257
0.116620257
0.116620257
0.116620257
0.116620257
0.116620257
0.116620257
0.116620257
0.116620257
0.116620257
0.116620257
0.116620257
0.116620257
0.116620257
0.116620257
0.116620257
0.116620257
0.116620257
0.116620257
0.116620257
0.116620257
0.116620257
0.116620257
0.116620257
0.116620257
0.116620257
0.116620257
0.116620257
0.116620257
0.116620257
0.116620257
0.116620257
0.116620257
0.116620257
0.116620257
0.116620257
0.116620257
0.116620257
0.116620257
0.116620257
0.116620257
0.116620257
0.116620257
0.116620257
0.116620257
0.116620257
0.116620257
0.116620257
0.116620257
0.116620257
0.116620257
0.116620257
0.116620257
0.116620257
0.116620257
0.116620257
0.116620257
0.116620257
0.116620257
0.116620257
0.116620257
0.116620257
0.116620257
0.116620257
0.116620257
0.116620257
0.116620257
0.116620257
0.116620257
0.116620257
0.116620257
0.116620257
0.116620257
0.116620257
0.116620257
0.116620257
0.116620257
0.116620257
0.116620257
0.116620257
0.116620257
0.116620257
0.116620257
0.116620257
0.116620257
0.116620257
0.116620257
0.116620257
0.116620257
0.116620257
0.116620257
0.116620257
0.116620257
0.116620257
0.116620257
0.116620257
0.116620257
0.116620257
0.116620257
0.116620257
0.116620257
0.116620257
0.116620257
0.116620257
0.116620257
0.116620257
0.116620257
0.116620257
0.116620257
0.116620257
0.116620257
0.116620257
0.116620257
0.116620257
0.116620257
0.116620257
0.116620257
0.116620257
0.116620257
0.116620257
0.116620257
0.116620257
0.116620257
0.116620257
0.116620257
0.116620257
0.116620257
0.116620257
0.116620257
0.116620257
0.116620257
0.116620257
0.116620257
0.116620257
0.116620257
0.116620257
0.116620257
0.116620257
0.116620257
0.116620257
0.116620257
0.116620257
0.116620257
0.116620257
0.116620257
0.116620257
0.116620257
0.116620257
0.116620257
0.116620257
0.116620257
0.116620257
0.116620257
0.116620257
0.116620257
0.116620257
0.116620257
0.116620257
0.116620257
0.116620257
0.116620257
0.116620257
0.116620257
0.116620257
0.116620257
0.116620257
0.116620257
0.116620257
0.116620257
0.116620257
0.116620257
0.116620257
0.116620257
0.116620257
0.116620257
0.116620257
0.116620257
0.116620257
0.116620257
0.116620257
0.116620257
0.116620257
0.116620257
0.116620257
0.116620257
0.116620257
0.116620257
0.116620257
0.116620257
0.116620257
0.116620257
0.116620257
0.116620257
0.116620257
0.116620257
0.116620257
0.116620257
0.116620257
0.116620257
0.116620257
0.116620257
0.116620257
0.116620257
0.116620257
0.116620257
0.116620257
0.116620257
0.116620257
0.116620257
0.116620257
0.116620257
0.116620257
0.116620257
0.116620257
0.116620257
0.116620257
0.116620257
0.116620257
0.116620257
0.116620257
0.116620257
0.116620257
0.116620257
0.116620257
0.116620257
0.116620257
0.116620257
0.116620257
0.116620257
0.116620257
0.116620257
0.116620257
0.116620257
0.116620257
0.116620257
0.116620257
0.116620257
0.116620257
0.116620257
0.116620257
0.116620257
0.116620257
0.116620257
0.116620257
0.116620257
0.116620257
0.116620257
0.116620257
0.116620257
0.116620257
0.116620257
0.116620257
0.116620257
0.116620257
0.116620257
0.116620257
0.116620257
0.116620257
0.116620257
0.116620257
0.116620257
0.116620257
0.116620257
0.116620257
0.116620257
0.116620257
0.116620257
0.116256456
0.115500804
0.115454054
0.115014603
0.114940653
0.111111111
0.111111111
0.111108844
0.110789244
0.110055692
0.110055692
0.107921337
0.107124036
0.106415984
0.104958231
0.103078027
0.102459225
0.101070889
0.1
0.099127218
0.099127218
0.097961016
0.097961016
0.097961016
0.097961016
0.097961016
0.09533281
0.094836409
0.091729652
0.091144001
0.091144001
0.091144001
0.091144001
0.0909366
0.090463999
0.090000748
0.090000748
0.090000748
0.090000748
0.090000748
0.088797995
0.088797995
0.088787229
0.088301594
0.088002394
0.087465192
0.087465192
0.087158058
0.087145592
0.086975591
0.086757991
0.084602386
0.083399633
0.083399633
0.083399633
0.083379743
0.083300183
0.082800382
0.082191781
0.08199798
0.08199798
0.08199798
0.08199798
0.08199798
0.08199798
0.08199798
0.08163418
0.08163418
0.08163418
0.08163418
0.08163418
0.08163418
0.08163418
0.08163418
0.08163418
0.08163418
0.08163418
0.08163418
0.08163418
0.08163418
0.08163418
0.08163418
0.08163418
0.08163418
0.08163418
0.08163418
0.08163418
0.08163418
0.08163418
0.08163418
0.08163418
0.08163418
0.08163418
0.08163418
0.08163418
0.08163418
0.08163418
0.08163418
0.08163418
0.08163418
0.08163418
0.08163418
0.08163418
0.08163418
0.08163418
0.08163418
0.08163418
0.08163418
0.08163418
0.08163418
0.08163418
0.08163418
0.08163418
0.08163418
0.08163418
0.08163418
0.08163418
0.08163418
0.08163418
0.08163418
0.08163418
0.08163418
0.08163418
0.08163418
0.08163418
0.08163418
0.08163418
0.08163418
0.08163418
0.08163418
0.08163418
0.08163418
0.08163418
0.08163418
0.08163418
0.08163418
0.08163418
0.08163418
0.08163418
0.08163418
0.08163418
0.08163418
0.08163418
0.08163418
0.08163418
0.08163418
0.08163418
0.08163418
0.08163418
0.08163418
0.08163418
0.08163418
0.08163418
0.08163418
0.08163418
0.08163418
0.08163418
0.08163418
0.08163418
0.08163418
0.08163418
0.08163418
0.08163418
0.08163418
0.08163418
0.08163418
0.08163418
0.08163418
0.08163418
0.08163418
0.08163418
0.08163418
0.08163418
0.08163418
0.08163418
0.08163418
0.08163418
0.08163418
0.08163418
0.08163418
0.08163418
0.08163418
0.08163418
0.08163418
0.08163418
0.08163418
0.08163418
0.08163418
0.08163418
0.08163418
0.08163418
0.08163418
0.08163418
0.08163418
0.08163418
0.08163418
0.08163418
0.08163418
0.08163418
0.08163418
0.08163418
0.08163418
0.08163418
0.08163418
0.08163418
0.08163418
0.08163418
0.08163418
0.08163418
0.08163418
0.08163418
0.08163418
0.08163418
0.08163418
0.08163418
0.08163418
0.08163418
0.08163418
0.08163418
0.08163418
0.08163418
0.08163418
0.08163418
0.08163418
0.08163418
0.08163418
0.08163418
0.08163418
0.08163418
0.08163418
0.08163418
0.08163418
0.08163418
0.08163418
0.08163418
0.08163418
0.08163418
0.08163418
0.08163418
0.08163418
0.08163418
0.08163418
0.08163418
0.08163418
0.08163418
0.08163418
0.08163418
0.08163418
0.08163418
0.08163418
0.08163418
0.08163418
0.08163418
0.08163418
0.08163418
0.08163418
0.08163418
0.08163418
0.08163418
0.08163418
0.08163418
0.08163418
0.08163418
0.08163418
0.08163418
0.08163418
0.08163418
0.08163418
0.08163418
0.08163418
0.08163418
0.08163418
0.08163418
0.08163418
0.08163418
0.08163418
0.08163418
0.08163418
0.08163418
0.08163418
0.08163418
0.08163418
0.08163418
0.08163418
0.08163418
0.08163418
0.08163418
0.08163418
0.08163418
0.08163418
0.08163418
0.08163418
0.08163418
0.08163418
0.08163418
0.08163418
0.08163418
0.08163418
0.08163418
0.08163418
0.08163418
0.08163418
0.08163418
0.08163418
0.08163418
0.08163418
0.08163418
0.08163418
0.08163418
0.08163418
0.08163418
0.08163418
0.08163418
0.08163418
0.08163418
0.08163418
0.08163418
0.08163418
0.08163418
0.08163418
0.08163418
0.08163418
0.08163418
0.08163418
0.08163418
0.08163418
0.08163418
0.08163418
0.08163418
0.08163418
0.08163418
0.08163418
0.08163418
0.08163418
0.08163418
0.08163418
0.08163418
0.08163418
0.08163418
0.08163418
0.08163418
0.08163418
0.08163418
0.08163418
0.08163418
0.08163418
0.08163418
0.08163418
0.08163418
0.08163418
0.08163418
0.08163418
0.08163418
0.08163418
0.08163418
0.08163418
0.08163418
0.08163418
0.08163418
0.08163418
0.08163418
0.08163418
0.08163418
0.08163418
0.08163418
0.08163418
0.08163418
0.08163418
0.08163418
0.08163418
0.08163418
0.08163418
0.08163418
0.08163418
0.08163418
0.08163418
0.08163418
0.08163418
0.08163418
0.08163418
0.08163418
0.08163418
0.08163418
0.08163418
0.08163418
0.08163418
0.08163418
0.08163418
0.08163418
0.08163418
0.08163418
0.08163418
0.08163418
0.08163418
0.08163418
0.08163418
0.08163418
0.08163418
0.08163418
0.08163418
0.08163418
0.08163418
0.08163418
0.08163418
0.08163418
0.08163418
0.08163418
0.08163418
0.08163418
0.08163418
0.08163418
0.08163418
0.08163418
0.08163418
0.08163418
0.08163418
0.08163418
0.08163418
0.08163418
0.08163418
0.08163418
0.08163418
0.08163418
0.08163418
0.08163418
0.08163418
0.08163418
0.08163418
0.08163418
0.08163418
0.08163418
0.08163418
0.08163418
0.08163418
0.08163418
0.08163418
0.08163418
0.08163418
0.08163418
0.08163418
0.08163418
0.08163418
0.08163418
0.08163418
0.08163418
0.08163418
0.08163418
0.08163418
0.08163418
0.08163418
0.08163418
0.08163418
0.08163418
0.08163418
0.08163418
0.08163418
0.08163418
0.08163418
0.08163418
0.08163418
0.08163418
0.08163418
0.08163418
0.08163418
0.08163418
0.08163418
0.08163418
0.08163418
0.08163418
0.08163418
0.08163418
0.08163418
0.08163418
0.08163418
0.08163418
0.08163418
0.08163418
0.08163418
0.08163418
0.08163418
0.08163418
0.08163418
0.08163418
0.08163418
0.08163418
0.08163418
0.08163418
0.08163418
0.08163418
0.08163418
0.08163418
0.08163418
0.08163418
0.08163418
0.08163418
0.08163418
0.08163418
0.08163418
0.08163418
0.08163418
0.08163418
0.08163418
0.08163418
0.08163418
0.08163418
0.08163418
0.08163418
0.08163418
0.08163418
0.08163418
0.08163418
0.08163418
0.08163418
0.08163418
0.08163418
0.08163418
0.08163418
0.08163418
0.08163418
0.08163418
0.08163418
0.08163418
0.08163418
0.08163418
0.08163418
0.08163418
0.08163418
0.08163418
0.08163418
0.08163418
0.08163418
0.08163418
0.08163418
0.08163418
0.08163418
0.08163418
0.08163418
0.08163418
0.08163418
0.08163418
0.08163418
0.08163418
0.08163418
0.08163418
0.08163418
0.08163418
0.08163418
0.08163418
0.08163418
0.08163418
0.08163418
0.08163418
0.08163418
0.08163418
0.08163418
0.08163418
0.08163418
0.08163418
0.08163418
0.08163418
0.08163418
0.08163418
0.08163418
0.08163418
0.08163418
0.08163418
0.08163418
0.08163418
0.08163418
0.08163418
0.08163418
0.08163418
0.08163418
0.08163418
0.08163418
0.08163418
0.08163418
0.08163418
0.08163418
0.08163418
0.08163418
0.08163418
0.08163418
0.08163418
0.08163418
0.08163418
0.08163418
0.08163418
0.08163418
0.08163418
0.08163418
0.08163418
0.08163418
0.08163418
0.08163418
0.08163418
0.08163418
0.08163418
0.08163418
0.08163418
0.08163418
0.08163418
0.08163418
0.08163418
0.08163418
0.08163418
0.08163418
0.08163418
0.08163418
0.08163418
0.08163418
0.08163418
0.08163418
0.08163418
0.08163418
0.08163418
0.08163418
0.08163418
0.08163418
0.08163418
0.08163418
0.08163418
0.08163418
0.08163418
0.08163418
0.08163418
0.08163418
0.08163418
0.08163418
0.08163418
0.08163418
0.08163418
0.08163418
0.08163418
0.08163418
0.08163418
0.08163418
0.08163418
0.08163418
0.08163418
0.08163418
0.08163418
0.08163418
0.08163418
0.08163418
0.08163418
0.08163418
0.08163418
0.08163418
0.08163418
0.08163418
0.08163418
0.08163418
0.08163418
0.08163418
0.08163418
0.08163418
0.08163418
0.08163418
0.08163418
0.08163418
0.08163418
0.08163418
0.08163418
0.08163418
0.08163418
0.08163418
0.08163418
0.08163418
0.08163418
0.08163418
0.08163418
0.08163418
0.08163418
0.08163418
0.08163418
0.08163418
0.08163418
0.08163418
0.08163418
0.08163418
0.08163418
0.08163418
0.08163418
0.08163418
0.08163418
0.08163418
0.08163418
0.08163418
0.08163418
0.08163418
0.08163418
0.08163418
0.08163418
0.08163418
0.081270379
0.081270379
0.080900628
0.080900628
0.080679911
0.080590377
0.079842376
0.079267208
0.078001272
0.078001272
0.077746838
0.076030967
0.075621266
0.074601264
0.074470364
0.07253406
0.072137959
0.071712391
0.07061554
0.070233955
0.069571803
0.069142066
0.068639351
0.067377948
0.067275948
0.066772747
0.064077064
0.06352234
0.061225635
0.061225635
0.061225635
0.061222963
0.060998401
0.060973184
0.059999252
0.059999252
0.059934199
0.059476331
0.059174864
0.058310128
0.057946327
0.057723287
0.057143926
0.057143926
0.057143926
0.057143926
0.057143926
0.057143926
0.057143926
0.057143926
0.057143926
0.057143926
0.057143926
0.057143926
0.057143926
0.057143926
0.057143926
0.057143926
0.057143926
0.057143926
0.057143926
0.057143926
0.057143926
0.057143926
0.057143926
0.057143926
0.057143926
0.057143926
0.057143926
0.057143926
0.057143926
0.057143926
0.057143926
0.057020675
0.056905359
0.056879858
0.056366457
0.056123498
0.055489255
0.055434005
0.054422786
0.053709918
0.05302085
0.052000848
0.049242308
0.048421207
0.047732705
0.047467504
0.04537922
0.044053897
0.044001197
0.043577896
0.043378995
0.043378995
0.042523894
0.042442293
0.041400191
0.04085789
0.04081709
0.04081709
0.04081709
0.04081709
0.04081709
0.04081709
0.04081709
0.04081709
0.04081709
0.040109888
0.038873419
0.038873419
0.038179534
0.038000524
0.034999252
0.033000898
0.030612817
0.030202266
0.030202266
0.029744965
0.029599332
0.027822261
0.027822261
0.02733266
0.024621154
0.024490254
0.024490254
0.024490254
0.022428149
0.022157849
0.020408545
0.020054944
0.020054944
0.020002244
0.018034773
0.017397838
0.017397838
0.017397838
0.017397838
0.017397838
0.017397838
0.016560586
0.015778301
0.014256231
0.013354096
0.013202229
0.013202229
0.012959129
0.011999476
0.008698919
0.006667415
0.006667415
0.006601115
0.005000561
0.002832206
0.002332405
0.001773104
0
0
0
0
0
0
0
0
0
0
0
0
0
0
0
0
0
0
0
0
0
0
0
0
0
0
0
0
0
0
0
0
0
0
0
0
0
0
0
0
0
0
0
0
0
0
0
0
0
0
0
0
0
0
0
0
0
0
0
0
0
0
0
0
0
0
0
0
0
0
0
0
0
0
0
0
0
0
0
0
0
0
0
0
0
0
0
0
0
0
0
0
0
0
0
0
0
0
0
0
0
0
0
0
0
0
0
0
0
0
0
0
0
0
0
0
0
0
0
0
0
0
0
0
0
0
0
0
0
0
0
0
0
0
0
0
0
0
0
0
0
0
0
0
0
0
0
0
0
0
0
0
0
0
0
0
0
0
0
0
0
0
0
0
0
0
0
0
0
0
0
0
0
0
0
0
0
0
0
0
0
0
0
0
0
0
0
0
0
0
0
0
0
0
0
0
0
0
0
0
0
0
0
0
0
0
0
0
0
0
0
0
0
0
0
0
0
0
0
0
0
0
0
0
0
0
0
0
0
0
0
0
0
0
0
0
0
0
0
0
0
0
0
0
0
0
0
0
0
0
0
0
0
0
0
0
0
0
0
0
0
0
0
0
0
0
0
0
0
0
0
0
0
0
0
0
0
0
0
0
0
0
0
0
0
0
0
0
0
0
0
0
0
0
0
0
0
0
0
0
0
0
0
0
0
0
0
0
0
0
0
0
0
0
0
0
0
0
0
0
0
0
0
0
0
0
0
0
0
0
0
0
0
0
0
0
0
0
0
0
0
0
0
0
0
0
0
0
0
0
0
0
0
0
0
0
0
0
0
0
0
0
0
0
0
0
0
0
0
0
0
0
0
0
0
0
0
0
0
0
0
0
0
0
0
0
0
0
0
0
0
0
0
0
0
0
0
0
0
0
0
0
0
0
0
0
0
0
0
0
0
0
0
0
0
0
0
0
0
0
0
0
0
0
0
0
0
0
0
0
0
0
0
0
0
0
0
0
0
0
0
0
0
0
0
0
0
0
0
0
0
0
0
0
0
0
0
0
0
0
0
0
0
0
0
0
0
0
0
0
0
0
0
0
0
0
0
0
0
0
0
0
0
0
0
0
0
0
0
0
0
0
0
0
0
0
0
0
0
0
0
0
0
0
0
0
0
0
0
0
0
0
0
0
0
0
0
0
0
0
0
0
0
0
0
0
0
0
0
0
0
0
0
0
0
0
0
0
0
0
0
0
0
0
0
0
0
0
0
0
0
0
0
0
0
0
0
0
0
0
0
0
0
0
0
0
0
0
0
0
0
0
0
0
0
0
0
0
0
0
0
0
0
0
0
0
0
0
0
0
0
0
0
0
0
0
0
0
0
0
0
0
0
0
0
0
0
0
0
0
0
0
0
0
0
0
0
0
0
0
0
0
0
0
0
0
0
0
0
0
0
0
0
0
0
0
0
0
0
0
0
0
0
0
0
0
0
0
0
0
0
0
0
0
0
0
0
0
0
0
0
0
0
0
0
0
0
0
0
0
0
0
0
0
0
0
0
0
0
0
0
0
0
0
0
0
0
0
0
0
0
0
0
0
0
0
0
0
0
0
0
0
0
0
0
0
0
0
0
0
0
0
0
0
0
0
0
0
0
0
0
0
0
0
0
0
0
0
0
0
0
0
0
0
0
0
0
0
0
0
0
0
0
0
0
0
0
0
0
0
0
0
0
0
0
0
0
0
0
0
0
0
0
0
0
0
0
0
0
0
0
0
0
0
0
0
0
0
0
0
0
0
0
0
0
0
0
0
0
0
0
0
0
0
0
0
0
0
0
0
0
0
0
0
0
0
0
0
0
0
0
0
0
0
0
0
0
0
0
0
0
0
0
0
0
0
0
0
0
0
0
0
0
0
0
0
0
0
0
0
0
0
0
0
0
0
0
0
0
0
0
0
0
0
0
0
0
0
0
0
0
0
0
0
0
0
0
0
0
0
0
0
0
0
0
0
0
0
0
0
0
0
0
0
0
0
0
0
0
0
0
0
0
0
0
0
0
0
0
0
0
0
0
0
0
0
0
0
0
0
0
0
0
0
0
0
0
0
0
0
0
0
0
0
0
0
0
0
0
0
0
0
0
0
0
0
0
0
0
0
0
0
0
0
0
0
0
0
0
0
0
0
0
0
0
0
0
0
0
0
0
0
0
0
0
0
0
0
0
0
0
0
0
0
0
0
0
0
0
0
0
0
0
0
0
0
0
0
0
0
0
0
0
0
0
0
0
0
0
0
0
0
0
0
0
0
0
0
0
0
0
0
0
0
0
0
0
0
0
0
0
0
0
0
0
0
0
0
0
0
0
0
0
0
0
0
0
0
0
0
0
0
0
0
0
0
0
0
0
0
0
0
0
0
0
0
0
0
0
0
0
0
0
0
0
0
0
0
0
0
0
0
0
0
0
0
0
0
0
0
0
0
0
0
0
0
0
0
0
0
0
0
0
0
0
0
0
0
0
0
0
0
0
0
0
0
0
0
0
0
0
0
0
0
0
0
0
0
0
0
0
0
0
0
0
0
0
0
0
0
0
0
0
0
0
0
0
0
0
0
0
0
0
0
0
0
0
0
0
0
0
0
0
0
0
0
0
0
0
0
0
0
0
0
0
0
0
0
0
0
0
0
0
0
0
0
0
0
0
0
0
0
0
0
0
0
0
0
0
0
0
0
0
0
0
0
0
0
0
0
0
0
0
0
0
0
0
0
0
0
0
0
0
0
0
0
0
0
0
0
0
0
0
0
0
0
0
0
0
0
0
0
0
0
0
0
0
0
0
0
0
0
0
0
0
0
0
0
0
0
0
0
0
0
0
0
0
0
0
0
0
0
0
0
0
0
0
0
0
0
0
0
0
0
0
0
0
0
0
0
0
0
0
0
0
0
0
0
0
0
0
0
0
0
0
0
0
0
0
0
0
0
0
0
0
0
0
0
0
0
0
0
0
0
0
0
0
0
0
0
0
0
0
0
0
0
0
0
0
0
0
0
0
0
0
0
0
0
0
0
0
0
0
0
0
0
0
0
0
0
0
0
0
0
0
0
0
0
0
0
0
0
0